0.457533840000000E+02,-0.123149567000000E+03
0.457513720000000E+02,-0.123149306000000E+03
0.457494080000000E+02,-0.123145846000000E+03
0.457455490000000E+02,-0.123142911000000E+03
0.457427370000000E+02,-0.123143174000000E+03
0.457403130000000E+02,-0.123139976000000E+03
0.457387800000000E+02,-0.123136941000000E+03
0.457390510000000E+02,-0.123130085000000E+03
0.457397120000000E+02,-0.123127113000000E+03
0.457390940000000E+02,-0.123125869000000E+03
0.457340660000000E+02,-0.123123888000000E+03
0.457336530000000E+02,-0.123126693000000E+03
0.457323500000000E+02,-0.123126644000000E+03
0.457282130000000E+02,-0.123124306000000E+03
0.457277800000000E+02,-0.123120682000000E+03
0.457258860000000E+02,-0.123114217000000E+03
0.457234870000000E+02,-0.123109711000000E+03
0.457224230000000E+02,-0.123108901000000E+03
0.457205020000000E+02,-0.123108668000000E+03
0.457184170000000E+02,-0.123111815000000E+03
0.457144900000000E+02,-0.123112632000000E+03
0.457054490000000E+02,-0.123111980000000E+03
0.457017230000000E+02,-0.123110280000000E+03
0.457000780000000E+02,-0.123108288000000E+03
0.456932210000000E+02,-0.123103813000000E+03
0.456926950000000E+02,-0.123103812000000E+03
0.456920540000000E+02,-0.123104921000000E+03
0.456911160000000E+02,-0.123108248000000E+03
0.456897670000000E+02,-0.123107594000000E+03
0.456881230000000E+02,-0.123102080000000E+03
0.456891990000000E+02,-0.123099243000000E+03
0.456910050000000E+02,-0.123097091000000E+03
0.456932240000000E+02,-0.123093113000000E+03
0.456957550000000E+02,-0.123086799000000E+03
0.456950780000000E+02,-0.123086581000000E+03
0.456939120000000E+02,-0.123083489000000E+03
0.456936840000000E+02,-0.123081108000000E+03
0.456943700000000E+02,-0.123077748000000E+03
0.456926100000000E+02,-0.123071940000000E+03
0.456899130000000E+02,-0.123069264000000E+03
0.456891350000000E+02,-0.123069591000000E+03
0.456881980000000E+02,-0.123071711000000E+03
0.456868720000000E+02,-0.123072428000000E+03
0.456778640000000E+02,-0.123070437000000E+03
0.456752120000000E+02,-0.123065154000000E+03
0.456737950000000E+02,-0.123064730000000E+03
0.456722400000000E+02,-0.123065578000000E+03
0.456701140000000E+02,-0.123064045000000E+03
0.456669820000000E+02,-0.123058306000000E+03
0.456651530000000E+02,-0.123058241000000E+03
0.456640550000000E+02,-0.123058763000000E+03
0.456629580000000E+02,-0.123061371000000E+03
0.456611980000000E+02,-0.123060752000000E+03
0.456585690000000E+02,-0.123058242000000E+03
0.456571060000000E+02,-0.123055634000000E+03
0.456466110000000E+02,-0.123046736000000E+03
0.456412610000000E+02,-0.123045173000000E+03
0.456331900000000E+02,-0.123041428000000E+03
0.456281140000000E+02,-0.123040094000000E+03
0.456248360000000E+02,-0.123039900000000E+03
0.456252620000000E+02,-0.123044233000000E+03
0.456194360000000E+02,-0.123044162000000E+03
0.456194040000000E+02,-0.123046914000000E+03
0.456172760000000E+02,-0.123050178000000E+03
0.456148280000000E+02,-0.123052290000000E+03
0.456149400000000E+02,-0.123061010000000E+03
0.456122930000000E+02,-0.123054378000000E+03
0.456104270000000E+02,-0.123053299000000E+03
0.456080740000000E+02,-0.123053778000000E+03
0.456068530000000E+02,-0.123055144000000E+03
0.456068530000000E+02,-0.123055144000000E+03
0.455976280000000E+02,-0.123057202000000E+03
0.455928120000000E+02,-0.123064098000000E+03
0.455956600000000E+02,-0.123081875000000E+03
0.455945560000000E+02,-0.123082243000000E+03
0.455945560000000E+02,-0.123082243000000E+03
0.455971160000000E+02,-0.123087619000000E+03
0.456071150000000E+02,-0.123100883000000E+03
0.456071950000000E+02,-0.123114340000000E+03
0.456092430000000E+02,-0.123114356000000E+03
0.456104620000000E+02,-0.123128458000000E+03
0.456077870000000E+02,-0.123127972000000E+03
0.456066230000000E+02,-0.123125466000000E+03
0.456042680000000E+02,-0.123124693000000E+03
0.456028910000000E+02,-0.123124836000000E+03
0.456026030000000E+02,-0.123137947000000E+03
0.456033340000000E+02,-0.123139214000000E+03
0.456056200000000E+02,-0.123137518000000E+03
0.456099630000000E+02,-0.123136211000000E+03
0.456109250000000E+02,-0.123136692000000E+03
0.456112290000000E+02,-0.123158264000000E+03
0.456116870000000E+02,-0.123161228000000E+03
0.456140420000000E+02,-0.123167644000000E+03
0.456150500000000E+02,-0.123182271000000E+03
0.456162160000000E+02,-0.123186605000000E+03
0.456207650000000E+02,-0.123191133000000E+03
0.456217710000000E+02,-0.123191231000000E+03
0.456267200000000E+02,-0.123193935000000E+03
0.456263080000000E+02,-0.123196574000000E+03
0.456321840000000E+02,-0.123201300000000E+03
0.456341500000000E+02,-0.123201366000000E+03
0.456434520000000E+02,-0.123217209000000E+03
0.456434520000000E+02,-0.123217209000000E+03
0.456476130000000E+02,-0.123216820000000E+03
0.456498760000000E+02,-0.123217604000000E+03
0.456523670000000E+02,-0.123222527000000E+03
0.456578530000000E+02,-0.123225889000000E+03
0.456600470000000E+02,-0.123226118000000E+03
0.456600470000000E+02,-0.123226118000000E+03
0.456611000000000E+02,-0.123223706000000E+03
0.456591360000000E+02,-0.123215718000000E+03
0.456584980000000E+02,-0.123203622000000E+03
0.456603050000000E+02,-0.123198960000000E+03
0.456620382425781E+02,-0.123192293952539E+03
0.456621110000000E+02,-0.123187352000000E+03
0.456613570000000E+02,-0.123184679000000E+03
0.456613340000000E+02,-0.123182658000000E+03
0.456631390000000E+02,-0.123176626000000E+03
0.456638250000000E+02,-0.123176821000000E+03
0.456649460000000E+02,-0.123182364000000E+03
0.456651060000000E+02,-0.123187515000000E+03
0.456643110946289E+02,-0.123191931609961E+03
0.456645570000000E+02,-0.123195896000000E+03
0.456681910000000E+02,-0.123205679000000E+03
0.456679400000000E+02,-0.123207570000000E+03
0.456645320000000E+02,-0.123213829000000E+03
0.456666100000000E+02,-0.123222145000000E+03
0.456680500000000E+02,-0.123223287000000E+03
0.456679560000000E+02,-0.123230364000000E+03
0.456670610000000E+02,-0.123236167000000E+03
0.456694810000000E+02,-0.123244778000000E+03
0.456711720000000E+02,-0.123245888000000E+03
0.456735570000000E+02,-0.123249377000000E+03
0.456746920000000E+02,-0.123254234000000E+03
0.456741310000000E+02,-0.123262088000000E+03
0.456757310000000E+02,-0.123264709000000E+03
0.456757310000000E+02,-0.123264709000000E+03
0.456764810000000E+02,-0.123265165000000E+03
0.456769610000000E+02,-0.123267024000000E+03
0.456762760000000E+02,-0.123268753000000E+03
0.456757750000000E+02,-0.123273971000000E+03
0.456781320000000E+02,-0.123279514000000E+03
0.456781320000000E+02,-0.123279514000000E+03
0.456798920000000E+02,-0.123279186000000E+03
0.456812410000000E+02,-0.123277946000000E+03
0.456827940000000E+02,-0.123274781000000E+03
0.456803460000000E+02,-0.123268391000000E+03
0.456824690000000E+02,-0.123254413000000E+03
0.456833440000000E+02,-0.123250590000000E+03
0.456887100000000E+02,-0.123241445000000E+03
0.456891240000000E+02,-0.123235566000000E+03
0.456915500000000E+02,-0.123229663000000E+03
0.456968740000000E+02,-0.123236779000000E+03
0.456987250000000E+02,-0.123237890000000E+03
0.457020170000000E+02,-0.123237991000000E+03
0.457043480000000E+02,-0.123239331000000E+03
0.457055640000000E+02,-0.123240755000000E+03
0.457055640000000E+02,-0.123240755000000E+03
0.457055760000000E+02,-0.123238692000000E+03
0.457067880000000E+02,-0.123237746000000E+03
0.457089820000000E+02,-0.123238104000000E+03
0.457124040000000E+02,-0.123237522000000E+03
0.457081010000000E+02,-0.123231536000000E+03
0.457048330000000E+02,-0.123229021000000E+03
0.457031210000000E+02,-0.123222787000000E+03
0.457019560000000E+02,-0.123220536000000E+03
0.456950760000000E+02,-0.123213614000000E+03
0.456898640000000E+02,-0.123210807000000E+03
0.456800340000000E+02,-0.123192198000000E+03
0.456807670000000E+02,-0.123192213000000E+03
0.456906430000000E+02,-0.123187320000000E+03
0.456988510000000E+02,-0.123181056000000E+03
0.457019600000000E+02,-0.123178021000000E+03
0.457049310000000E+02,-0.123174007000000E+03
0.457064160000000E+02,-0.123167154000000E+03
0.457066670000000E+02,-0.123162063000000E+03
0.457081290000000E+02,-0.123158930000000E+03
0.457092030000000E+02,-0.123157461000000E+03
0.457105980000000E+02,-0.123156612000000E+03
0.457150330000000E+02,-0.123156218000000E+03
0.457181640000000E+02,-0.123153834000000E+03
0.457197870000000E+02,-0.123151515000000E+03
0.457203580000000E+02,-0.123149589000000E+03
0.457215460000000E+02,-0.123148283000000E+03
0.457232380000000E+02,-0.123147955000000E+03
0.457246330000000E+02,-0.123149195000000E+03
0.457257770000000E+02,-0.123152458000000E+03
0.457258010000000E+02,-0.123155200000000E+03
0.457245660000000E+02,-0.123154482000000E+03
0.457239260000000E+02,-0.123154613000000E+03
0.457218010000000E+02,-0.123161762000000E+03
0.457217110000000E+02,-0.123166235000000E+03
0.457211400000000E+02,-0.123167051000000E+03
0.457197910000000E+02,-0.123167672000000E+03
0.457176190000000E+02,-0.123167836000000E+03
0.457149220000000E+02,-0.123171231000000E+03
0.457150140000000E+02,-0.123176844000000E+03
0.457154250000000E+02,-0.123176877000000E+03
0.457185800000000E+02,-0.123174200000000E+03
0.457215750000000E+02,-0.123173416000000E+03
0.457278850000000E+02,-0.123173838000000E+03
0.457293710000000E+02,-0.123171292000000E+03
0.457326390000000E+02,-0.123168157000000E+03
0.457404120000000E+02,-0.123167860000000E+03
0.457461050000000E+02,-0.123166062000000E+03
0.457465620000000E+02,-0.123165148000000E+03
0.457464240000000E+02,-0.123163482000000E+03
0.457471330000000E+02,-0.123162111000000E+03
0.457498340000000E+02,-0.123161244000000E+03
0.457519930000000E+02,-0.123161618000000E+03
0.457532270000000E+02,-0.123160997000000E+03
0.457543010000000E+02,-0.123157567000000E+03
0.457534540000000E+02,-0.123155608000000E+03
0.457533840000000E+02,-0.123149567000000E+03
END
