0.452880020000000E+02,-0.122676371000000E+03
0.452824190000000E+02,-0.122672723000000E+03
0.452808670000000E+02,-0.122665443000000E+03
0.452882110000000E+02,-0.122655826000000E+03
0.452898430000000E+02,-0.122655250000000E+03
0.452918430000000E+02,-0.122655490000000E+03
0.452968990000000E+02,-0.122657027000000E+03
0.452982430000000E+02,-0.122658203000000E+03
0.452986250000000E+02,-0.122656123000000E+03
0.452973630000000E+02,-0.122652354000000E+03
0.452968670000000E+02,-0.122651506000000E+03
0.452904830000000E+02,-0.122647106000000E+03
0.452886590000000E+02,-0.122647858000000E+03
0.452837470000000E+02,-0.122646738000000E+03
0.452803550000000E+02,-0.122643122000000E+03
0.452789470000000E+02,-0.122636978000000E+03
0.452797790000000E+02,-0.122633026000000E+03
0.452781790000000E+02,-0.122626193000000E+03
0.452752670000000E+02,-0.122620049000000E+03
0.452730910000000E+02,-0.122617345000000E+03
0.452726430000000E+02,-0.122617777000000E+03
0.452666110000000E+02,-0.122617329000000E+03
0.452623390000000E+02,-0.122616273000000E+03
0.452605470000000E+02,-0.122617073000000E+03
0.452538600000000E+02,-0.122615713000000E+03
0.452477150000000E+02,-0.122604739000000E+03
0.452465080000000E+02,-0.122596715000000E+03
0.452450650000000E+02,-0.122597650000000E+03
0.452450650000000E+02,-0.122597650000000E+03
0.452448480000000E+02,-0.122623995000000E+03
0.452454870000000E+02,-0.122625754000000E+03
0.452465610000000E+02,-0.122626948000000E+03
0.452459220000000E+02,-0.122628049000000E+03
0.452380360000000E+02,-0.122633073000000E+03
0.452370130000000E+02,-0.122631340000000E+03
0.452382630000000E+02,-0.122629222000000E+03
0.452381250000000E+02,-0.122624926000000E+03
0.452370770000000E+02,-0.122620589000000E+03
0.452324600000000E+02,-0.122617155000000E+03
0.452280490000000E+02,-0.122611423000000E+03
0.452271610000000E+02,-0.122603042000000E+03
0.452282140000000E+02,-0.122597704000000E+03
0.452298160000000E+02,-0.122592884000000E+03
0.452299310000000E+02,-0.122590005000000E+03
0.452257030000000E+02,-0.122582950000000E+03
0.452231190000000E+02,-0.122582658000000E+03
0.452232520000000E+02,-0.122599546000000E+03
0.452180390000000E+02,-0.122599510000000E+03
0.452169190000000E+02,-0.122598183000000E+03
0.452168760000000E+02,-0.122589223000000E+03
0.452212660000000E+02,-0.122589354000000E+03
0.452212900000000E+02,-0.122581978000000E+03
0.451998860000000E+02,-0.122581210000000E+03
0.451998860000000E+02,-0.122581210000000E+03
0.451969400000000E+02,-0.122581614000000E+03
0.451880770000000E+02,-0.122587740000000E+03
0.452083030000000E+02,-0.122611342000000E+03
0.452032390000000E+02,-0.122618905000000E+03
0.451927270000000E+02,-0.122605218000000E+03
0.451926590000000E+02,-0.122604733000000E+03
0.451941680000000E+02,-0.122602826000000E+03
0.451941920000000E+02,-0.122600659000000E+03
0.451877920000000E+02,-0.122593153000000E+03
0.451874900000000E+02,-0.122608835000000E+03
0.451870780000000E+02,-0.122609546000000E+03
0.451870020000000E+02,-0.122630309000000E+03
0.451787040000000E+02,-0.122630415000000E+03
0.451757070000000E+02,-0.122627088000000E+03
0.451724140000000E+02,-0.122626622000000E+03
0.451724490000000E+02,-0.122661097000000E+03
0.451691570000000E+02,-0.122661002000000E+03
0.451653370000000E+02,-0.122655928000000E+03
0.451596670000000E+02,-0.122655609000000E+03
0.451581340000000E+02,-0.122653994000000E+03
0.451565100000000E+02,-0.122650731000000E+03
0.451372810000000E+02,-0.122650679000000E+03
0.451359550000000E+02,-0.122651294000000E+03
0.451361890000000E+02,-0.122701881000000E+03
0.451328840000000E+02,-0.122701828000000E+03
0.451328840000000E+02,-0.122701828000000E+03
0.451328510000000E+02,-0.122702752000000E+03
0.451339250000000E+02,-0.122704626000000E+03
0.451350460000000E+02,-0.122704045000000E+03
0.451356630000000E+02,-0.122704756000000E+03
0.451362800000000E+02,-0.122707598000000E+03
0.451364100000000E+02,-0.122733442000000E+03
0.451441850000000E+02,-0.122729474000000E+03
0.451441850000000E+02,-0.122729474000000E+03
0.451441870000000E+02,-0.122725210000000E+03
0.451449720000000E+02,-0.122722228000000E+03
0.451506820000000E+02,-0.122719592000000E+03
0.451554830000000E+02,-0.122722309000000E+03
0.451935880000000E+02,-0.122722510000000E+03
0.451935880000000E+02,-0.122722510000000E+03
0.452494230000000E+02,-0.122722875000000E+03
0.452511060000000E+02,-0.122720339000000E+03
0.452517300000000E+02,-0.122722804000000E+03
0.452517940000000E+02,-0.122732916000000E+03
0.452486250000000E+02,-0.122738063000000E+03
0.452384000000000E+02,-0.122748118000000E+03
0.452371770000000E+02,-0.122748205000000E+03
0.452380320000000E+02,-0.122750609000000E+03
0.452384900000000E+02,-0.122750818000000E+03
0.452463190000000E+02,-0.122751089000000E+03
0.452487110000000E+02,-0.122747805000000E+03
0.452498420000000E+02,-0.122747495000000E+03
0.452524180000000E+02,-0.122743924000000E+03
0.452532020000000E+02,-0.122744196000000E+03
0.452561620000000E+02,-0.122743124000000E+03
0.452593300000000E+02,-0.122738724000000E+03
0.452605780000000E+02,-0.122739700000000E+03
0.452608980000000E+02,-0.122740916000000E+03
0.452605940000000E+02,-0.122742228000000E+03
0.452611700000000E+02,-0.122744180000000E+03
0.452623380000000E+02,-0.122744564000000E+03
0.452632980000000E+02,-0.122744148000000E+03
0.452645780000000E+02,-0.122742836000000E+03
0.452661460000000E+02,-0.122739876000000E+03
0.452658740000000E+02,-0.122736660000000E+03
0.452652980000000E+02,-0.122735220000000E+03
0.452660180000000E+02,-0.122734484000000E+03
0.452709140000000E+02,-0.122734260000000E+03
0.452710100000000E+02,-0.122737092000000E+03
0.452717300000000E+02,-0.122737860000000E+03
0.452727379277344E+02,-0.122738006370898E+03
0.452734100000000E+02,-0.122737588000000E+03
0.452746260000000E+02,-0.122734244000000E+03
0.452743700000000E+02,-0.122733044000000E+03
0.452729300000000E+02,-0.122731700000000E+03
0.452731700000000E+02,-0.122730900000000E+03
0.452754260000000E+02,-0.122730180000000E+03
0.452800660000000E+02,-0.122730484000000E+03
0.452807380000000E+02,-0.122731044000000E+03
0.452807380000000E+02,-0.122731044000000E+03
0.452820660000000E+02,-0.122729236000000E+03
0.452822260000000E+02,-0.122724676000000E+03
0.452832980000000E+02,-0.122720196000000E+03
0.452824980000000E+02,-0.122718804000000E+03
0.452825460000000E+02,-0.122717940000000E+03
0.452835220000000E+02,-0.122715956000000E+03
0.452840373969727E+02,-0.122715731209961E+03
0.452813620000000E+02,-0.122714276000000E+03
0.452798260000000E+02,-0.122710068000000E+03
0.452817620000000E+02,-0.122711380000000E+03
0.452848820000000E+02,-0.122715860000000E+03
0.452869780000000E+02,-0.122716756000000E+03
0.452880500000000E+02,-0.122717764000000E+03
0.452903540000000E+02,-0.122721556000000E+03
0.452915860000000E+02,-0.122720404000000E+03
0.452924500000000E+02,-0.122720516000000E+03
0.452948340000000E+02,-0.122719380000000E+03
0.452965460000000E+02,-0.122720244000000E+03
0.452970420000000E+02,-0.122721060000000E+03
0.452983540000000E+02,-0.122718260000000E+03
0.452959700000000E+02,-0.122712932000000E+03
0.452955220000000E+02,-0.122707044000000E+03
0.452963860000000E+02,-0.122702228000000E+03
0.452988820000000E+02,-0.122695108000000E+03
0.452992820000000E+02,-0.122692244000000E+03
0.452991060000000E+02,-0.122688291000000E+03
0.452977940000000E+02,-0.122685907000000E+03
0.452928980000000E+02,-0.122683507000000E+03
0.452880020000000E+02,-0.122676371000000E+03
END
