0.422460950000000E+02,-0.123690745000000E+03
0.422466670000000E+02,-0.123689729000000E+03
0.422454550000000E+02,-0.123685695000000E+03
0.422501860000000E+02,-0.123688495000000E+03
0.422526920000000E+02,-0.123692006000000E+03
0.422576110000000E+02,-0.123691390000000E+03
0.422752480000000E+02,-0.123683537000000E+03
0.422781251268555E+02,-0.123680744540039E+03
0.422793190000000E+02,-0.123678823000000E+03
0.422793650000000E+02,-0.123677621000000E+03
0.422786780000000E+02,-0.123676358000000E+03
0.422788610000000E+02,-0.123675434000000E+03
0.422795240000000E+02,-0.123674510000000E+03
0.422822010000000E+02,-0.123673524000000E+03
0.422822930000000E+02,-0.123678268000000E+03
0.422796249873047E+02,-0.123686209300391E+03
0.422822700000000E+02,-0.123698476000000E+03
0.422864780000000E+02,-0.123703899000000E+03
0.422869130000000E+02,-0.123705224000000E+03
0.422882600000000E+02,-0.123712958000000E+03
0.422873210000000E+02,-0.123717609000000E+03
0.422874350000000E+02,-0.123719396000000E+03
0.422901090000000E+02,-0.123727377000000E+03
0.422907260000000E+02,-0.123728116000000E+03
0.422958050000000E+02,-0.123727842000000E+03
0.422973820000000E+02,-0.123730431000000E+03
0.422969230000000E+02,-0.123733082000000E+03
0.422950920000000E+02,-0.123737795000000E+03
0.422953640000000E+02,-0.123742108000000E+03
0.422972620000000E+02,-0.123744421000000E+03
0.422982200000000E+02,-0.123748674000000E+03
0.422961630000000E+02,-0.123754218000000E+03
0.422962550000000E+02,-0.123756097000000E+03
0.422978810000000E+02,-0.123759177000000E+03
0.423004890000000E+02,-0.123760716000000E+03
0.423060050000000E+02,-0.123768508000000E+03
0.423092560000000E+02,-0.123774669000000E+03
0.423130530000000E+02,-0.123773896000000E+03
0.423155250000000E+02,-0.123780737000000E+03
0.423164180000000E+02,-0.123780922000000E+03
0.423185900000000E+02,-0.123780273000000E+03
0.423201460000000E+02,-0.123778916000000E+03
0.423223860000000E+02,-0.123775093000000E+03
0.423259090000000E+02,-0.123776200000000E+03
0.423283800000000E+02,-0.123777895000000E+03
0.423303700000000E+02,-0.123777462000000E+03
0.423363610000000E+02,-0.123771077000000E+03
0.423376190000000E+02,-0.123769380000000E+03
0.423382580000000E+02,-0.123767098000000E+03
0.423394020000000E+02,-0.123765957000000E+03
0.423413010000000E+02,-0.123767158000000E+03
0.423449850000000E+02,-0.123771626000000E+03
0.423460620000000E+02,-0.123775851000000E+03
0.423472750000000E+02,-0.123778101000000E+03
0.423503640000000E+02,-0.123781862000000E+03
0.423542990000000E+02,-0.123783957000000E+03
0.423635640000000E+02,-0.123785649000000E+03
0.423667210000000E+02,-0.123787221000000E+03
0.423675670000000E+02,-0.123788701000000E+03
0.423677500000000E+02,-0.123793545000000E+03
0.423699470000000E+02,-0.123798665000000E+03
0.423707250000000E+02,-0.123799312000000E+03
0.423730810000000E+02,-0.123797924000000E+03
0.423766380000000E+02,-0.123784253000000E+03
0.423760170000000E+02,-0.123773549000000E+03
0.423748330000000E+02,-0.123772007000000E+03
0.423739440000000E+02,-0.123769357000000E+03
0.423748330000000E+02,-0.123763667000000E+03
0.423746940000000E+02,-0.123760192000000E+03
0.423737790000000E+02,-0.123758497000000E+03
0.423722460000000E+02,-0.123757079000000E+03
0.423664720000000E+02,-0.123755096000000E+03
0.423622070000000E+02,-0.123753006000000E+03
0.423591220000000E+02,-0.123750243000000E+03
0.423574540000000E+02,-0.123750082000000E+03
0.423561910000000E+02,-0.123751184000000E+03
0.423540380000000E+02,-0.123757912000000E+03
0.423534000000000E+02,-0.123758221000000E+03
0.423520750000000E+02,-0.123756435000000E+03
0.423522980000000E+02,-0.123752725000000E+03
0.423503650000000E+02,-0.123750812000000E+03
0.423457580000000E+02,-0.123748672000000E+03
0.423373820000000E+02,-0.123747203000000E+03
0.423414080000000E+02,-0.123735561000000E+03
0.423412320000000E+02,-0.123734783000000E+03
0.423404770000000E+02,-0.123732015000000E+03
0.423373120000000E+02,-0.123729321000000E+03
0.423353700000000E+02,-0.123729781000000E+03
0.423341670000000E+02,-0.123729188000000E+03
0.423299380000000E+02,-0.123719622000000E+03
0.423293890000000E+02,-0.123717041000000E+03
0.423309680000000E+02,-0.123712293000000E+03
0.423346990000000E+02,-0.123705292000000E+03
0.423379480000000E+02,-0.123693954000000E+03
0.423379030000000E+02,-0.123692536000000E+03
0.423362330000000E+02,-0.123687941000000E+03
0.423370560000000E+02,-0.123683378000000E+03
0.423384970000000E+02,-0.123678908000000E+03
0.423415670000000E+02,-0.123675167000000E+03
0.423411820000000E+02,-0.123677437000000E+03
0.423432130000000E+02,-0.123679892000000E+03
0.423459950000000E+02,-0.123681928000000E+03
0.423481270000000E+02,-0.123678999000000E+03
0.423503230000000E+02,-0.123673910000000E+03
0.423517180000000E+02,-0.123668791000000E+03
0.423521750000000E+02,-0.123665152000000E+03
0.423551020000000E+02,-0.123661912000000E+03
0.423589670000000E+02,-0.123659135000000E+03
0.423613000000000E+02,-0.123658425000000E+03
0.423664690000000E+02,-0.123654812000000E+03
0.423676580000000E+02,-0.123648858000000E+03
0.423689610000000E+02,-0.123647254000000E+03
0.423689610000000E+02,-0.123647254000000E+03
0.423677930000000E+02,-0.123644602000000E+03
0.423572470000000E+02,-0.123640908000000E+03
0.423550730000000E+02,-0.123640786000000E+03
0.423545610000000E+02,-0.123644005000000E+03
0.423487140000000E+02,-0.123640452000000E+03
0.423438410000000E+02,-0.123639653000000E+03
0.423425180000000E+02,-0.123635800000000E+03
0.423428260000000E+02,-0.123634518000000E+03
0.423410570000000E+02,-0.123630578000000E+03
0.423383190000000E+02,-0.123628113000000E+03
0.423371590000000E+02,-0.123627619000000E+03
0.423381480000000E+02,-0.123624219000000E+03
0.423395990000000E+02,-0.123623561000000E+03
0.423440750000000E+02,-0.123623970000000E+03
0.423457200000000E+02,-0.123621797000000E+03
0.423366370000000E+02,-0.123607799000000E+03
0.423360450000000E+02,-0.123601415000000E+03
0.423399840000000E+02,-0.123605509000000E+03
0.423402070000000E+02,-0.123607045000000E+03
0.423432130000000E+02,-0.123610515000000E+03
0.423424260000000E+02,-0.123602992000000E+03
0.423434340000000E+02,-0.123599076000000E+03
0.423455400000000E+02,-0.123593928000000E+03
0.423465490000000E+02,-0.123587792000000E+03
0.423462070000000E+02,-0.123584369000000E+03
0.423443550000000E+02,-0.123577122000000E+03
0.423444700000000E+02,-0.123565188000000E+03
0.423304350000000E+02,-0.123567543000000E+03
0.423282640000000E+02,-0.123569609000000E+03
0.423269300000000E+02,-0.123571994000000E+03
0.423247430000000E+02,-0.123573306000000E+03
0.423184990000000E+02,-0.123573304000000E+03
0.423174510000000E+02,-0.123570945000000E+03
0.423175320000000E+02,-0.123565820000000E+03
0.423162420000000E+02,-0.123561550000000E+03
0.423146470000000E+02,-0.123565996000000E+03
0.423091730000000E+02,-0.123574340000000E+03
0.423066320000000E+02,-0.123583954000000E+03
0.423009120000000E+02,-0.123590886000000E+03
0.422968840000000E+02,-0.123594613000000E+03
0.422928810000000E+02,-0.123594179000000E+03
0.422869330000000E+02,-0.123595532000000E+03
0.422825630000000E+02,-0.123597686000000E+03
0.422792690000000E+02,-0.123597500000000E+03
0.422776710000000E+02,-0.123589674000000E+03
0.422766890000000E+02,-0.123581757000000E+03
0.422729390000000E+02,-0.123569775000000E+03
0.422730530000000E+02,-0.123565494000000E+03
0.422746080000000E+02,-0.123556745000000E+03
0.422744710000000E+02,-0.123551786000000E+03
0.422747680000000E+02,-0.123549907000000E+03
0.422766050000000E+02,-0.123545383000000E+03
0.422801880000000E+02,-0.123539063000000E+03
0.422917160000000E+02,-0.123530833000000E+03
0.422989960000000E+02,-0.123529219000000E+03
0.423007060000000E+02,-0.123531414000000E+03
0.423054170000000E+02,-0.123541577000000E+03
0.423065640000000E+02,-0.123541149000000E+03
0.423087350000000E+02,-0.123534954000000E+03
0.423129430000000E+02,-0.123527124000000E+03
0.423134910000000E+02,-0.123521852000000E+03
0.423129630000000E+02,-0.123518740000000E+03
0.423076560000000E+02,-0.123518312000000E+03
0.423060770000000E+02,-0.123517234000000E+03
0.423056640000000E+02,-0.123515016000000E+03
0.423079260000000E+02,-0.123509005000000E+03
0.423102580000000E+02,-0.123505798000000E+03
0.423114480000000E+02,-0.123505488000000E+03
0.423116980000000E+02,-0.123504009000000E+03
0.423109220000000E+02,-0.123494271000000E+03
0.423097120000000E+02,-0.123488415000000E+03
0.423094630000000E+02,-0.123488191000000E+03
0.423092550000000E+02,-0.123488877000000E+03
0.423089070000000E+02,-0.123501854000000E+03
0.423056150000000E+02,-0.123507343000000E+03
0.423009290000000E+02,-0.123513633000000E+03
0.422994900000000E+02,-0.123519242000000E+03
0.422957400000000E+02,-0.123524144000000E+03
0.422848760000000E+02,-0.123535457000000E+03
0.422798470000000E+02,-0.123538697000000E+03
0.422766190000000E+02,-0.123537093000000E+03
0.422771900000000E+02,-0.123530932000000E+03
0.422753340000000E+02,-0.123521353000000E+03
0.422741440000000E+02,-0.123519568000000E+03
0.422720370000000E+02,-0.123513594000000E+03
0.422719870000000E+02,-0.123504538000000E+03
0.422707500000000E+02,-0.123501174000000E+03
0.422707270000000E+02,-0.123499533000000E+03
0.422721710000000E+02,-0.123492943000000E+03
0.422705270000000E+02,-0.123486135000000E+03
0.422746010000000E+02,-0.123482319000000E+03
0.422800260000000E+02,-0.123474436000000E+03
0.422836420000000E+02,-0.123470711000000E+03
0.422811950000000E+02,-0.123468430000000E+03
0.422778770000000E+02,-0.123469537000000E+03
0.422735750000000E+02,-0.123473601000000E+03
0.422687480000000E+02,-0.123476709000000E+03
0.422678560000000E+02,-0.123476308000000E+03
0.422645180000000E+02,-0.123469038000000E+03
0.422633750000000E+02,-0.123465496000000E+03
0.422635130000000E+02,-0.123461677000000E+03
0.422657790000000E+02,-0.123450713000000E+03
0.422655510000000E+02,-0.123448711000000E+03
0.422647960000000E+02,-0.123447048000000E+03
0.422605110000000E+02,-0.123442930000000E+03
0.422585720000000E+02,-0.123440406000000E+03
0.422590770000000E+02,-0.123436362000000E+03
0.422585740000000E+02,-0.123435315000000E+03
0.422523750000000E+02,-0.123430419000000E+03
0.422448030000000E+02,-0.123426993000000E+03
0.422397420000000E+02,-0.123426573000000E+03
0.422278470000000E+02,-0.123429407000000E+03
0.422239580000000E+02,-0.123433008000000E+03
0.422227910000000E+02,-0.123431900000000E+03
0.422180550000000E+02,-0.123424300000000E+03
0.422169570000000E+02,-0.123421654000000E+03
0.422176200000000E+02,-0.123418853000000E+03
0.422173910000000E+02,-0.123416791000000E+03
0.422170020000000E+02,-0.123416453000000E+03
0.422159730000000E+02,-0.123418300000000E+03
0.422150350000000E+02,-0.123421685000000E+03
0.422154240000000E+02,-0.123424085000000E+03
0.422143260000000E+02,-0.123425224000000E+03
0.422127020000000E+02,-0.123424209000000E+03
0.422102310000000E+02,-0.123421532000000E+03
0.422099660000000E+02,-0.123418709000000E+03
0.422099660000000E+02,-0.123418709000000E+03
0.422048320000000E+02,-0.123419072000000E+03
0.422033910000000E+02,-0.123417411000000E+03
0.422029780000000E+02,-0.123413781000000E+03
0.422016280000000E+02,-0.123412119000000E+03
0.421959550000000E+02,-0.123413198000000E+03
0.421945600000000E+02,-0.123414738000000E+03
0.421948580000000E+02,-0.123417168000000E+03
0.421930970000000E+02,-0.123421783000000E+03
0.421922280000000E+02,-0.123421875000000E+03
0.421917470000000E+02,-0.123420829000000E+03
0.421926610000000E+02,-0.123413107000000E+03
0.421941700000000E+02,-0.123409999000000E+03
0.421986290000000E+02,-0.123405044000000E+03
0.422021360000000E+02,-0.123404762000000E+03
0.422034750000000E+02,-0.123404078000000E+03
0.422071980000000E+02,-0.123398034000000E+03
0.422071980000000E+02,-0.123398034000000E+03
0.421974480000000E+02,-0.123401911000000E+03
0.421950880000000E+02,-0.123405429000000E+03
0.421903680000000E+02,-0.123409857000000E+03
0.421884110000000E+02,-0.123410529000000E+03
0.421860100000000E+02,-0.123419694000000E+03
0.421844410000000E+02,-0.123428197000000E+03
0.421846490000000E+02,-0.123430064000000E+03
0.421859740000000E+02,-0.123433677000000E+03
0.421843810000000E+02,-0.123440289000000E+03
0.421840170000000E+02,-0.123441488000000E+03
0.421747960000000E+02,-0.123455920000000E+03
0.421738500000000E+02,-0.123456633000000E+03
0.421720630000000E+02,-0.123456262000000E+03
0.421709920000000E+02,-0.123454786000000E+03
0.421670440000000E+02,-0.123453638000000E+03
0.421652590000000E+02,-0.123454742000000E+03
0.421662220000000E+02,-0.123460080000000E+03
0.421751100000000E+02,-0.123467954000000E+03
0.421767030000000E+02,-0.123466782000000E+03
0.421815760000000E+02,-0.123466704000000E+03
0.421783280000000E+02,-0.123469928000000E+03
0.421761400000000E+02,-0.123470366000000E+03
0.421752310000000E+02,-0.123471467000000E+03
0.421758200000000E+02,-0.123472778000000E+03
0.421830020000000E+02,-0.123478441000000E+03
0.421880110000000E+02,-0.123480782000000E+03
0.421891990000000E+02,-0.123483582000000E+03
0.421826340000000E+02,-0.123482778000000E+03
0.421731880000000E+02,-0.123477359000000E+03
0.421727990000000E+02,-0.123477697000000E+03
0.421701230000000E+02,-0.123477572000000E+03
0.421659640000000E+02,-0.123475697000000E+03
0.421649470000000E+02,-0.123472886000000E+03
0.421657490000000E+02,-0.123471173000000E+03
0.421641540000000E+02,-0.123471510000000E+03
0.421626210000000E+02,-0.123472893000000E+03
0.421611090000000E+02,-0.123478089000000E+03
0.421644480000000E+02,-0.123481535000000E+03
0.421660890000000E+02,-0.123495804000000E+03
0.421648050000000E+02,-0.123500107000000E+03
0.421642840000000E+02,-0.123510142000000E+03
0.421622740000000E+02,-0.123521151000000E+03
0.421604230000000E+02,-0.123525334000000E+03
0.421600800000000E+02,-0.123525764000000E+03
0.421586620000000E+02,-0.123525857000000E+03
0.421579760000000E+02,-0.123526719000000E+03
0.421565820000000E+02,-0.123531886000000E+03
0.421565370000000E+02,-0.123534499000000E+03
0.421582850000000E+02,-0.123538177000000E+03
0.421608060000000E+02,-0.123540807000000E+03
0.421667350000000E+02,-0.123541127000000E+03
0.421711700000000E+02,-0.123546756000000E+03
0.421746260000000E+02,-0.123549867000000E+03
0.421780760000000E+02,-0.123550830000000E+03
0.421798720000000E+02,-0.123549278000000E+03
0.421818610000000E+02,-0.123549278000000E+03
0.421833980000000E+02,-0.123551514000000E+03
0.421768770000000E+02,-0.123553772000000E+03
0.421750470000000E+02,-0.123553711000000E+03
0.421707460000000E+02,-0.123552420000000E+03
0.421680460000000E+02,-0.123549130000000E+03
0.421652320000000E+02,-0.123547286000000E+03
0.421635390000000E+02,-0.123547286000000E+03
0.421614810000000E+02,-0.123549132000000E+03
0.421585240000000E+02,-0.123555653000000E+03
0.421584620000000E+02,-0.123566566000000E+03
0.421620990000000E+02,-0.123569241000000E+03
0.421681150000000E+02,-0.123568934000000E+03
0.421783860000000E+02,-0.123569734000000E+03
0.421842190000000E+02,-0.123575148000000E+03
0.421886760000000E+02,-0.123577675000000E+03
0.421893870000000E+02,-0.123583548000000E+03
0.421891350000000E+02,-0.123586900000000E+03
0.421883800000000E+02,-0.123588530000000E+03
0.421877590000000E+02,-0.123598803000000E+03
0.421889020000000E+02,-0.123603726000000E+03
0.421898390000000E+02,-0.123603695000000E+03
0.421900910000000E+02,-0.123603173000000E+03
0.421899550000000E+02,-0.123601296000000E+03
0.421927920000000E+02,-0.123599052000000E+03
0.421961090000000E+02,-0.123598347000000E+03
0.421988770000000E+02,-0.123599087000000E+03
0.422045920000000E+02,-0.123610936000000E+03
0.422052980000000E+02,-0.123613921000000E+03
0.422020000000000E+02,-0.123622225000000E+03
0.422017710000000E+02,-0.123627086000000E+03
0.422021600000000E+02,-0.123627670000000E+03
0.422032580000000E+02,-0.123627823000000E+03
0.422040810000000E+02,-0.123627268000000E+03
0.422033030000000E+02,-0.123624411000000E+03
0.422034410000000E+02,-0.123623149000000E+03
0.422040819905273E+02,-0.123622874585156E+03
0.422062770000000E+02,-0.123623921000000E+03
0.422078330000000E+02,-0.123627018000000E+03
0.422078330000000E+02,-0.123627018000000E+03
0.422103710000000E+02,-0.123625279000000E+03
0.422125680000000E+02,-0.123624574000000E+03
0.422174590000000E+02,-0.123618960000000E+03
0.422196870000000E+02,-0.123615379000000E+03
0.422225270000000E+02,-0.123607441000000E+03
0.422217270000000E+02,-0.123604137000000E+03
0.422239900000000E+02,-0.123602855000000E+03
0.422252870000000E+02,-0.123603578000000E+03
0.422257400000000E+02,-0.123605835000000E+03
0.422248430000000E+02,-0.123614850000000E+03
0.422238710000000E+02,-0.123615523000000E+03
0.422221430000000E+02,-0.123621813000000E+03
0.422220000000000E+02,-0.123626178000000E+03
0.422226980000000E+02,-0.123632393000000E+03
0.422249940000000E+02,-0.123635220000000E+03
0.422255660000000E+02,-0.123637436000000E+03
0.422251820000000E+02,-0.123648085000000E+03
0.422279280000000E+02,-0.123651130000000E+03
0.422303310000000E+02,-0.123655592000000E+03
0.422296230000000E+02,-0.123658916000000E+03
0.422321850000000E+02,-0.123666765000000E+03
0.422356180000000E+02,-0.123671812000000E+03
0.422399190000000E+02,-0.123679600000000E+03
0.422420460000000E+02,-0.123679291000000E+03
0.422428240000000E+02,-0.123679815000000E+03
0.422460950000000E+02,-0.123690745000000E+03
END
