0.433662140000000E+02,-0.123460713000000E+03
0.433624640000000E+02,-0.123456248000000E+03
0.433606130000000E+02,-0.123449131000000E+03
0.433613450000000E+02,-0.123448222000000E+03
0.433627640000000E+02,-0.123448223000000E+03
0.433655980000000E+02,-0.123450607000000E+03
0.433673610000000E+02,-0.123450043000000E+03
0.433676120000000E+02,-0.123449196000000E+03
0.433634500000000E+02,-0.123442204000000E+03
0.433640680000000E+02,-0.123439665000000E+03
0.433654170000000E+02,-0.123438850000000E+03
0.433657830000000E+02,-0.123437847000000E+03
0.433625350000000E+02,-0.123432236000000E+03
0.433607050000000E+02,-0.123430198000000E+03
0.433603160000000E+02,-0.123428255000000E+03
0.433639520000000E+02,-0.123419508000000E+03
0.433656900000000E+02,-0.123417721000000E+03
0.433690750000000E+02,-0.123416873000000E+03
0.433695320000000E+02,-0.123415745000000E+03
0.433692110000000E+02,-0.123410415000000E+03
0.433674030000000E+02,-0.123408095000000E+03
0.433668990000000E+02,-0.123406152000000E+03
0.433678370000000E+02,-0.123405336000000E+03
0.433725940000000E+02,-0.123403547000000E+03
0.433754810000000E+02,-0.123397242000000E+03
0.433807170000000E+02,-0.123393413000000E+03
0.433816310000000E+02,-0.123391782000000E+03
0.433817890000000E+02,-0.123387329000000E+03
0.433662980000000E+02,-0.123387123000000E+03
0.433618100000000E+02,-0.123375441000000E+03
0.433575570000000E+02,-0.123372428000000E+03
0.433532340000000E+02,-0.123368152000000E+03
0.433532340000000E+02,-0.123368152000000E+03
0.433505620000000E+02,-0.123365588000000E+03
0.433467430000000E+02,-0.123363203000000E+03
0.433352660000000E+02,-0.123352101000000E+03
0.433380810000000E+02,-0.123347058000000E+03
0.433376450000000E+02,-0.123337700000000E+03
0.433429300000000E+02,-0.123337866000000E+03
0.433430130000000E+02,-0.123334464000000E+03
0.433414433887695E+02,-0.123332014827344E+03
0.433403111887695E+02,-0.123331757427344E+03
0.433354890000000E+02,-0.123334182000000E+03
0.433353640000000E+02,-0.123332861000000E+03
0.433362790000000E+02,-0.123329948000000E+03
0.433384700000000E+02,-0.123327992000000E+03
0.433502310000000E+02,-0.123327821000000E+03
0.433539260000000E+02,-0.123325460000000E+03
0.433538680000000E+02,-0.123315504000000E+03
0.433528850000000E+02,-0.123311648000000E+03
0.433534790000000E+02,-0.123308608000000E+03
0.433558350000000E+02,-0.123305724000000E+03
0.433648010000000E+02,-0.123303278000000E+03
0.433636790000000E+02,-0.123299203000000E+03
0.433606830000000E+02,-0.123295944000000E+03
0.433612310000000E+02,-0.123293373000000E+03
0.433619170000000E+02,-0.123292683000000E+03
0.433629680000000E+02,-0.123287259000000E+03
0.433561970000000E+02,-0.123280084000000E+03
0.433585960000000E+02,-0.123274252000000E+03
0.433592140000000E+02,-0.123274001000000E+03
0.433591000000000E+02,-0.123275444000000E+03
0.433599930000000E+02,-0.123279800000000E+03
0.433618920000000E+02,-0.123282464000000E+03
0.433684110000000E+02,-0.123281520000000E+03
0.433642240000000E+02,-0.123279923000000E+03
0.433620050000000E+02,-0.123274658000000E+03
0.433627140000000E+02,-0.123272903000000E+03
0.433679510000000E+02,-0.123273307000000E+03
0.433709900000000E+02,-0.123270799000000E+03
0.433695830000000E+02,-0.123266087000000E+03
0.433683600000000E+02,-0.123265305000000E+03
0.433649020000000E+02,-0.123256004000000E+03
0.433686070000000E+02,-0.123255938000000E+03
0.433722300000000E+02,-0.123251183000000E+03
0.433765950000000E+02,-0.123248851000000E+03
0.433799560000000E+02,-0.123250453000000E+03
0.433866800000000E+02,-0.123250366000000E+03
0.433869130000000E+02,-0.123242495000000E+03
0.433844920000000E+02,-0.123234246000000E+03
0.433779510000000E+02,-0.123234146000000E+03
0.433741880000000E+02,-0.123231844000000E+03
0.433742610000000E+02,-0.123227767000000E+03
0.433756370000000E+02,-0.123221722000000E+03
0.433765090000000E+02,-0.123220503000000E+03
0.433765300000000E+02,-0.123219711000000E+03
0.433751960000000E+02,-0.123217657000000E+03
0.433678870000000E+02,-0.123213729000000E+03
0.433670870000000E+02,-0.123210939000000E+03
0.433672250000000E+02,-0.123208588000000E+03
0.433683000000000E+02,-0.123204544000000E+03
0.433732640000000E+02,-0.123198275000000E+03
0.433754210000000E+02,-0.123196958000000E+03
0.433768850000000E+02,-0.123191879000000E+03
0.433725030000000E+02,-0.123193710000000E+03
0.433674100000000E+02,-0.123191941000000E+03
0.433623510000000E+02,-0.123189111000000E+03
0.433599990000000E+02,-0.123187270000000E+03
0.433603420000000E+02,-0.123185138000000E+03
0.433594500000000E+02,-0.123183069000000E+03
0.433573460000000E+02,-0.123179715000000E+03
0.433562940000000E+02,-0.123179276000000E+03
0.433557900000000E+02,-0.123173540000000E+03
0.433560180000000E+02,-0.123170469000000E+03
0.433570470000000E+02,-0.123166394000000E+03
0.433577790000000E+02,-0.123166299000000E+03
0.433610710000000E+02,-0.123162004000000E+03
0.433602690000000E+02,-0.123156487000000E+03
0.433587360000000E+02,-0.123155234000000E+03
0.433609550000000E+02,-0.123153729000000E+03
0.433661460000000E+02,-0.123152346000000E+03
0.433683170000000E+02,-0.123147737000000E+03
0.433717010000000E+02,-0.123142875000000E+03
0.433729360000000E+02,-0.123143438000000E+03
0.433781110000000E+02,-0.123142682000000E+03
0.433764630000000E+02,-0.123139736000000E+03
0.433754560000000E+02,-0.123139486000000E+03
0.433748400000000E+02,-0.123136977000000E+03
0.433760710000000E+02,-0.123133903000000E+03
0.433773060000000E+02,-0.123133589000000E+03
0.433798690000000E+02,-0.123135155000000E+03
0.433822700000000E+02,-0.123135059000000E+03
0.433894050000000E+02,-0.123132011000000E+03
0.433912560000000E+02,-0.123130159000000E+03
0.433920100000000E+02,-0.123128088000000E+03
0.433918500000000E+02,-0.123127680000000E+03
0.433910030000000E+02,-0.123127650000000E+03
0.433912570000000E+02,-0.123121916000000E+03
0.433924920000000E+02,-0.123122262000000E+03
0.433938870000000E+02,-0.123123488000000E+03
0.433960580000000E+02,-0.123126582000000E+03
0.433984830000000E+02,-0.123125280000000E+03
0.434023050000000E+02,-0.123120861000000E+03
0.434030150000000E+02,-0.123119043000000E+03
0.434042960000000E+02,-0.123118040000000E+03
0.434051580000000E+02,-0.123118071000000E+03
0.434048000000000E+02,-0.123116001000000E+03
0.434022860000000E+02,-0.123112736000000E+03
0.433963430000000E+02,-0.123102444000000E+03
0.433917040000000E+02,-0.123089174000000E+03
0.433908120000000E+02,-0.123087668000000E+03
0.433863300000000E+02,-0.123084907000000E+03
0.433842710000000E+02,-0.123086411000000E+03
0.433736740000000E+02,-0.123087535000000E+03
0.433711350000000E+02,-0.123087472000000E+03
0.433701060000000E+02,-0.123085904000000E+03
0.433701060000000E+02,-0.123085904000000E+03
0.433691690000000E+02,-0.123084555000000E+03
0.433648470000000E+02,-0.123082641000000E+03
0.433612790000000E+02,-0.123079067000000E+03
0.433539610000000E+02,-0.123073955000000E+03
0.433519250000000E+02,-0.123077465000000E+03
0.433503920000000E+02,-0.123081571000000E+03
0.433519920000000E+02,-0.123084111000000E+03
0.433408300000000E+02,-0.123086802000000E+03
0.433374230000000E+02,-0.123085358000000E+03
0.433358910000000E+02,-0.123082099000000E+03
0.433277950000000E+02,-0.123073606000000E+03
0.433222370000000E+02,-0.123074482000000E+03
0.433189210000000E+02,-0.123076236000000E+03
0.433169310000000E+02,-0.123076235000000E+03
0.433169310000000E+02,-0.123076235000000E+03
0.433134540000000E+02,-0.123077831000000E+03
0.433106180000000E+02,-0.123080086000000E+03
0.433098490000000E+02,-0.123094324000000E+03
0.433083960000000E+02,-0.123093866000000E+03
0.433083960000000E+02,-0.123093866000000E+03
0.433055810000000E+02,-0.123101506000000E+03
0.433048490000000E+02,-0.123101976000000E+03
0.433017380000000E+02,-0.123101629000000E+03
0.432988790000000E+02,-0.123102160000000E+03
0.432976440000000E+02,-0.123103176000000E+03
0.432972090000000E+02,-0.123104037000000E+03
0.432973230000000E+02,-0.123105384000000E+03
0.433001120000000E+02,-0.123108142000000E+03
0.433025570000000E+02,-0.123113937000000E+03
0.433080640000000E+02,-0.123124277000000E+03
0.433087050000000E+02,-0.123128700000000E+03
0.433079060000000E+02,-0.123132209000000E+03
0.433083210000000E+02,-0.123138222000000E+03
0.433072050000000E+02,-0.123149811000000E+03
0.433110730000000E+02,-0.123158923000000E+03
0.433145960000000E+02,-0.123161834000000E+03
0.433154880000000E+02,-0.123163776000000E+03
0.433156030000000E+02,-0.123165216000000E+03
0.433138430000000E+02,-0.123172735000000E+03
0.433132480000000E+02,-0.123182602000000E+03
0.433116930000000E+02,-0.123188459000000E+03
0.433109610000000E+02,-0.123194723000000E+03
0.433110520000000E+02,-0.123197134000000E+03
0.433144600000000E+02,-0.123200362000000E+03
0.433147340000000E+02,-0.123203463000000E+03
0.433143680000000E+02,-0.123205029000000E+03
0.433126980000000E+02,-0.123206626000000E+03
0.433105930000000E+02,-0.123210446000000E+03
0.433109360000000E+02,-0.123211762000000E+03
0.433120790000000E+02,-0.123212514000000E+03
0.433147100000000E+02,-0.123211826000000E+03
0.433165160000000E+02,-0.123212610000000E+03
0.433184820000000E+02,-0.123216557000000E+03
0.433186880000000E+02,-0.123219001000000E+03
0.433183440000000E+02,-0.123220724000000E+03
0.433171770000000E+02,-0.123222415000000E+03
0.433156450000000E+02,-0.123222946000000E+03
0.433131290000000E+02,-0.123222756000000E+03
0.433102250000000E+02,-0.123219310000000E+03
0.433090140000000E+02,-0.123216271000000E+03
0.433078700000000E+02,-0.123214986000000E+03
0.433057660000000E+02,-0.123213701000000E+03
0.433047600000000E+02,-0.123213670000000E+03
0.433034330000000E+02,-0.123214452000000E+03
0.432860640000000E+02,-0.123241181000000E+03
0.432837060000000E+02,-0.123246345000000E+03
0.432834300000000E+02,-0.123248473000000E+03
0.432839330000000E+02,-0.123249569000000E+03
0.432854200000000E+02,-0.123249790000000E+03
0.432865170000000E+02,-0.123251179000000E+03
0.432867470000000E+02,-0.123253756000000E+03
0.432860400000000E+02,-0.123257734000000E+03
0.432865210000000E+02,-0.123260050000000E+03
0.432877340000000E+02,-0.123261333000000E+03
0.432901130000000E+02,-0.123261519000000E+03
0.432961750000000E+02,-0.123264081000000E+03
0.433004520000000E+02,-0.123263766000000E+03
0.433048650000000E+02,-0.123260254000000E+03
0.433092780000000E+02,-0.123258873000000E+03
0.433141950000000E+02,-0.123256550000000E+03
0.433184490000000E+02,-0.123257204000000E+03
0.433196390000000E+02,-0.123258707000000E+03
0.433198460000000E+02,-0.123260335000000E+03
0.433152990000000E+02,-0.123272023000000E+03
0.433154860000000E+02,-0.123283362000000E+03
0.433146400000000E+02,-0.123284772000000E+03
0.433131760000000E+02,-0.123285556000000E+03
0.433124210000000E+02,-0.123285462000000E+03
0.433093330000000E+02,-0.123282833000000E+03
0.433053300000000E+02,-0.123280329000000E+03
0.433043690000000E+02,-0.123280361000000E+03
0.433000010000000E+02,-0.123282336000000E+03
0.432965250000000E+02,-0.123285375000000E+03
0.432960910000000E+02,-0.123287849000000E+03
0.432965260000000E+02,-0.123289728000000E+03
0.432979450000000E+02,-0.123292921000000E+03
0.433034810000000E+02,-0.123299998000000E+03
0.433044650000000E+02,-0.123305259000000E+03
0.433042140000000E+02,-0.123306856000000E+03
0.433030460000000E+02,-0.123308516000000E+03
0.433017200000000E+02,-0.123308798000000E+03
0.432987460000000E+02,-0.123310551000000E+03
0.432973970000000E+02,-0.123311961000000E+03
0.432976030000000E+02,-0.123317002000000E+03
0.432941490000000E+02,-0.123325175000000E+03
0.432947200000000E+02,-0.123328494000000E+03
0.432938730000000E+02,-0.123331656000000E+03
0.432930270000000E+02,-0.123332282000000E+03
0.432921350000000E+02,-0.123332126000000E+03
0.432905800000000E+02,-0.123330967000000E+03
0.432881100000000E+02,-0.123327428000000E+03
0.432868070000000E+02,-0.123326519000000E+03
0.432851600000000E+02,-0.123326769000000E+03
0.432846110000000E+02,-0.123327583000000E+03
0.432873990000000E+02,-0.123341109000000E+03
0.432871230000000E+02,-0.123347153000000E+03
0.432857030000000E+02,-0.123351754000000E+03
0.432808750000000E+02,-0.123358200000000E+03
0.432803700000000E+02,-0.123361486000000E+03
0.432825190000000E+02,-0.123365464000000E+03
0.432862220000000E+02,-0.123368348000000E+03
0.432891030000000E+02,-0.123370010000000E+03
0.432930600000000E+02,-0.123370765000000E+03
0.432983650000000E+02,-0.123372900000000E+03
0.433009260000000E+02,-0.123376686000000E+03
0.433013390000000E+02,-0.123379972000000E+03
0.432999910000000E+02,-0.123382541000000E+03
0.432954410000000E+02,-0.123386365000000E+03
0.432924460000000E+02,-0.123387808000000E+03
0.432887410000000E+02,-0.123388406000000E+03
0.432850590000000E+02,-0.123390350000000E+03
0.432781760000000E+02,-0.123396522000000E+03
0.432764610000000E+02,-0.123397305000000E+03
0.432730780000000E+02,-0.123401909000000E+03
0.432723470000000E+02,-0.123404601000000E+03
0.432704520000000E+02,-0.123422318000000E+03
0.432678000000000E+02,-0.123430206000000E+03
0.432686460000000E+02,-0.123432899000000E+03
0.432681200000000E+02,-0.123440410000000E+03
0.432684630000000E+02,-0.123444510000000E+03
0.432687610000000E+02,-0.123445355000000E+03
0.432748580000000E+02,-0.123444849000000E+03
0.432776910000000E+02,-0.123445361000000E+03
0.432822560000000E+02,-0.123448540000000E+03
0.432858230000000E+02,-0.123453420000000E+03
0.432876560000000E+02,-0.123456933000000E+03
0.432893060000000E+02,-0.123464743000000E+03
0.432905740000000E+02,-0.123468033000000E+03
0.432923900000000E+02,-0.123469594000000E+03
0.432956530000000E+02,-0.123470317000000E+03
0.432991530000000E+02,-0.123469066000000E+03
0.433006170000000E+02,-0.123467877000000E+03
0.433038450000000E+02,-0.123456134000000E+03
0.433045540000000E+02,-0.123454850000000E+03
0.433059490000000E+02,-0.123454067000000E+03
0.433072300000000E+02,-0.123454130000000E+03
0.433106600000000E+02,-0.123456920000000E+03
0.433145940000000E+02,-0.123458675000000E+03
0.433167890000000E+02,-0.123460680000000E+03
0.433193050000000E+02,-0.123460399000000E+03
0.433228280000000E+02,-0.123456046000000E+03
0.433252760000000E+02,-0.123450816000000E+03
0.433259400000000E+02,-0.123446367000000E+03
0.433277240000000E+02,-0.123440822000000E+03
0.433293020000000E+02,-0.123439789000000E+03
0.433308570000000E+02,-0.123439632000000E+03
0.433431620000000E+02,-0.123450413000000E+03
0.433493820000000E+02,-0.123456995000000E+03
0.433587580000000E+02,-0.123462297000000E+03
0.433656180000000E+02,-0.123467755000000E+03
0.433656180000000E+02,-0.123467755000000E+03
0.433656420000000E+02,-0.123465247000000E+03
0.433665800000000E+02,-0.123463586000000E+03
0.433662140000000E+02,-0.123460713000000E+03
END
0.432955850000000E+02,-0.123534763000000E+03
0.432959960000000E+02,-0.123533228000000E+03
0.433039550000000E+02,-0.123529874000000E+03
0.433064480000000E+02,-0.123529904000000E+03
0.433082550000000E+02,-0.123532095000000E+03
0.433092070000000E+02,-0.123536160000000E+03
0.433097560000000E+02,-0.123536798000000E+03
0.433121370000000E+02,-0.123537764000000E+03
0.433132672504883E+02,-0.123537525684180E+03
0.433127630000000E+02,-0.123536070000000E+03
0.433109090000000E+02,-0.123535789000000E+03
0.433098110000000E+02,-0.123534193000000E+03
0.433094220000000E+02,-0.123533159000000E+03
0.433096970000000E+02,-0.123532658000000E+03
0.433141580000000E+02,-0.123534786000000E+03
0.433182530000000E+02,-0.123540235000000E+03
0.433197400000000E+02,-0.123540861000000E+03
0.433200140000000E+02,-0.123540485000000E+03
0.433179760000000E+02,-0.123531683000000E+03
0.433192570000000E+02,-0.123529583000000E+03
0.433192540000000E+02,-0.123521878000000E+03
0.433209440000000E+02,-0.123514766000000E+03
0.433222000000000E+02,-0.123511601000000E+03
0.433235040000000E+02,-0.123510911000000E+03
0.433251260000000E+02,-0.123506837000000E+03
0.433246440000000E+02,-0.123497652000000E+03
0.433194730000000E+02,-0.123500121000000E+03
0.433174870000000E+02,-0.123493258000000E+03
0.433183580000000E+02,-0.123490127000000E+03
0.433206210000000E+02,-0.123491820000000E+03
0.433311410000000E+02,-0.123493052000000E+03
0.433389850000000E+02,-0.123496224000000E+03
0.433476580000000E+02,-0.123485985000000E+03
0.433488240000000E+02,-0.123485829000000E+03
0.433489440000000E+02,-0.123471036000000E+03
0.433643130000000E+02,-0.123471046000000E+03
0.433654570000000E+02,-0.123468964000000E+03
0.433654570000000E+02,-0.123468964000000E+03
0.433588490000000E+02,-0.123463394000000E+03
0.433491530000000E+02,-0.123457998000000E+03
0.433401430000000E+02,-0.123448595000000E+03
0.433306060000000E+02,-0.123440447000000E+03
0.433292110000000E+02,-0.123440885000000E+03
0.433280210000000E+02,-0.123442232000000E+03
0.433262370000000E+02,-0.123449970000000E+03
0.433237660000000E+02,-0.123456611000000E+03
0.433210660000000E+02,-0.123460995000000E+03
0.433185960000000E+02,-0.123462185000000E+03
0.433169260000000E+02,-0.123462059000000E+03
0.433072300000000E+02,-0.123455384000000E+03
0.433064980000000E+02,-0.123455478000000E+03
0.433049190000000E+02,-0.123457356000000E+03
0.433042100000000E+02,-0.123459047000000E+03
0.433011660000000E+02,-0.123469317000000E+03
0.432993130000000E+02,-0.123470757000000E+03
0.432965220000000E+02,-0.123471757000000E+03
0.432926570000000E+02,-0.123471098000000E+03
0.432900630000000E+02,-0.123468883000000E+03
0.432884340000000E+02,-0.123465855000000E+03
0.432881790000000E+02,-0.123462678000000E+03
0.432864480000000E+02,-0.123456420000000E+03
0.432824830000000E+02,-0.123450697000000E+03
0.432772610000000E+02,-0.123446351000000E+03
0.432753930000000E+02,-0.123445680000000E+03
0.432692670000000E+02,-0.123445949000000E+03
0.432671010000000E+02,-0.123446950000000E+03
0.432643560000000E+02,-0.123449810000000E+03
0.432628690000000E+02,-0.123450386000000E+03
0.432611070000000E+02,-0.123447967000000E+03
0.432599080000000E+02,-0.123444061000000E+03
0.432576900000000E+02,-0.123442710000000E+03
0.432555260000000E+02,-0.123442313000000E+03
0.432541050000000E+02,-0.123442865000000E+03
0.432521170000000E+02,-0.123446044000000E+03
0.432498370000000E+02,-0.123448045000000E+03
0.432474610000000E+02,-0.123448107000000E+03
0.432463640000000E+02,-0.123446448000000E+03
0.432463640000000E+02,-0.123442912000000E+03
0.432493480000000E+02,-0.123438970000000E+03
0.432528190000000E+02,-0.123435997000000E+03
0.432580790000000E+02,-0.123428017000000E+03
0.432591080000000E+02,-0.123425169000000E+03
0.432592680000000E+02,-0.123423229000000E+03
0.432585130000000E+02,-0.123421258000000E+03
0.432552870000000E+02,-0.123417815000000E+03
0.432468420000000E+02,-0.123413158000000E+03
0.432435480000000E+02,-0.123413347000000E+03
0.432380590000000E+02,-0.123411784000000E+03
0.432342590000000E+02,-0.123409956000000E+03
0.432311740000000E+02,-0.123410160000000E+03
0.432211340000000E+02,-0.123414824000000E+03
0.432184350000000E+02,-0.123414732000000E+03
0.432107920000000E+02,-0.123400725000000E+03
0.432105390000000E+02,-0.123397442000000E+03
0.432109740000000E+02,-0.123396441000000E+03
0.432124600000000E+02,-0.123395096000000E+03
0.432172010000000E+02,-0.123392601000000E+03
0.432199830000000E+02,-0.123389774000000E+03
0.432218110000000E+02,-0.123386426000000E+03
0.432217870000000E+02,-0.123384236000000E+03
0.432204130000000E+02,-0.123381704000000E+03
0.432188120000000E+02,-0.123379767000000E+03
0.432164330000000E+02,-0.123378362000000E+03
0.432157230000000E+02,-0.123376768000000E+03
0.432154960000000E+02,-0.123372036000000E+03
0.432179020000000E+02,-0.123362843000000E+03
0.432184520000000E+02,-0.123358997000000E+03
0.432182940000000E+02,-0.123354275000000E+03
0.432170830000000E+02,-0.123349926000000E+03
0.432161970000000E+02,-0.123348905000000E+03
0.432149510000000E+02,-0.123349199000000E+03
0.432130560000000E+02,-0.123350701000000E+03
0.432085490000000E+02,-0.123356863000000E+03
0.432069940000000E+02,-0.123357738000000E+03
0.432058040000000E+02,-0.123357737000000E+03
0.431959020000000E+02,-0.123354821000000E+03
0.431938660000000E+02,-0.123355133000000E+03
0.431927450000000E+02,-0.123357257000000E+03
0.431913930000000E+02,-0.123363446000000E+03
0.431896980000000E+02,-0.123367259000000E+03
0.431873410000000E+02,-0.123370570000000E+03
0.431838630000000E+02,-0.123373129000000E+03
0.431816670000000E+02,-0.123373471000000E+03
0.431793810000000E+02,-0.123372125000000E+03
0.431787180000000E+02,-0.123371156000000E+03
0.431778970000000E+02,-0.123366747000000E+03
0.431767990000000E+02,-0.123364903000000E+03
0.431728890000000E+02,-0.123364243000000E+03
0.431714700000000E+02,-0.123364992000000E+03
0.431684720000000E+02,-0.123368458000000E+03
0.431669820000000E+02,-0.123375674000000E+03
0.431673610000000E+02,-0.123378957000000E+03
0.431740580000000E+02,-0.123389389000000E+03
0.431746720000000E+02,-0.123391245000000E+03
0.431744570000000E+02,-0.123393082000000E+03
0.431729300000000E+02,-0.123395128000000E+03
0.431696030000000E+02,-0.123396660000000E+03
0.431646690000000E+02,-0.123396059000000E+03
0.431607610000000E+02,-0.123396540000000E+03
0.431607610000000E+02,-0.123396540000000E+03
0.431629670000000E+02,-0.123400285000000E+03
0.431618740000000E+02,-0.123432436000000E+03
0.431567730000000E+02,-0.123452088000000E+03
0.431553780000000E+02,-0.123455649000000E+03
0.431511220000000E+02,-0.123463457000000E+03
0.431471650000000E+02,-0.123464268000000E+03
0.431452910000000E+02,-0.123464096000000E+03
0.431432310000000E+02,-0.123462142000000E+03
0.431365300000000E+02,-0.123458391000000E+03
0.431335930000000E+02,-0.123461146000000E+03
0.431266500000000E+02,-0.123455859000000E+03
0.431259687566406E+02,-0.123456925657227E+03
0.431257570000000E+02,-0.123460324000000E+03
0.431272890000000E+02,-0.123462354000000E+03
0.431287070000000E+02,-0.123463010000000E+03
0.431304590000000E+02,-0.123465541000000E+03
0.431298040000000E+02,-0.123465758000000E+03
0.431253290000000E+02,-0.123464226000000E+03
0.431239470000000E+02,-0.123463509000000E+03
0.431230550000000E+02,-0.123461135000000E+03
0.431229880000000E+02,-0.123458107000000E+03
0.431238580000000E+02,-0.123452112000000E+03
0.431227840000000E+02,-0.123447989000000E+03
0.431182330000000E+02,-0.123442775000000E+03
0.431160140000000E+02,-0.123445959000000E+03
0.431112790000000E+02,-0.123447238000000E+03
0.431105240000000E+02,-0.123446707000000E+03
0.431094030000000E+02,-0.123449423000000E+03
0.431083270000000E+02,-0.123457289000000E+03
0.431046650000000E+02,-0.123469431000000E+03
0.431015760000000E+02,-0.123474143000000E+03
0.431011400000000E+02,-0.123478793000000E+03
0.431017090000000E+02,-0.123482133000000E+03
0.431024690000000E+02,-0.123483410000000E+03
0.431129360000000E+02,-0.123491508000000E+03
0.431144670000000E+02,-0.123493445000000E+03
0.431164990000000E+02,-0.123501187000000E+03
0.431157690000000E+02,-0.123503278000000E+03
0.431136460000000E+02,-0.123505465000000E+03
0.431132050000000E+02,-0.123508186000000E+03
0.431132050000000E+02,-0.123508186000000E+03
0.431075230000000E+02,-0.123531099000000E+03
0.431104500000000E+02,-0.123531566000000E+03
0.431103550000000E+02,-0.123540930000000E+03
0.431139590000000E+02,-0.123540946000000E+03
0.431144480000000E+02,-0.123541713000000E+03
0.431149360000000E+02,-0.123545301000000E+03
0.431119630000000E+02,-0.123545083000000E+03
0.431101100000000E+02,-0.123546114000000E+03
0.431061090000000E+02,-0.123559195000000E+03
0.430994530000000E+02,-0.123564532000000E+03
0.430957710000000E+02,-0.123564469000000E+03
0.430926370000000E+02,-0.123568860000000E+03
0.430939720000000E+02,-0.123572933000000E+03
0.430958260000000E+02,-0.123573565000000E+03
0.430951060000000E+02,-0.123577817000000E+03
0.430917440000000E+02,-0.123578794000000E+03
0.430899370000000E+02,-0.123578387000000E+03
0.430886560000000E+02,-0.123577420000000E+03
0.430877420000000E+02,-0.123575454000000E+03
0.430877420000000E+02,-0.123575454000000E+03
0.430854770000000E+02,-0.123575921000000E+03
0.430799650000000E+02,-0.123580787000000E+03
0.430723440000000E+02,-0.123597133000000E+03
0.430749500000000E+02,-0.123602220000000E+03
0.430769170000000E+02,-0.123602626000000E+03
0.430796380000000E+02,-0.123605063000000E+03
0.430819690000000E+02,-0.123609027000000E+03
0.430831800000000E+02,-0.123612023000000E+03
0.430836810000000E+02,-0.123618296000000E+03
0.430903120000000E+02,-0.123621455000000E+03
0.430923460000000E+02,-0.123624671000000E+03
0.430968510000000E+02,-0.123627271000000E+03
0.430985670000000E+02,-0.123627394000000E+03
0.431104940000000E+02,-0.123625117000000E+03
0.431124720000000E+02,-0.123623488000000E+03
0.431129110000000E+02,-0.123620474000000E+03
0.431119870000000E+02,-0.123619354000000E+03
0.431108190000000E+02,-0.123615444000000E+03
0.431129060000000E+02,-0.123609457000000E+03
0.431140560000000E+02,-0.123608163000000E+03
0.431150880000000E+02,-0.123608424000000E+03
0.431214210000000E+02,-0.123612648000000E+03
0.431260660000000E+02,-0.123617523000000E+03
0.431264780000000E+02,-0.123618647000000E+03
0.431258350000000E+02,-0.123623612000000E+03
0.431274600000000E+02,-0.123630893000000E+03
0.431285820000000E+02,-0.123632485000000E+03
0.431317270000000E+02,-0.123633450000000E+03
0.431344010000000E+02,-0.123633415000000E+03
0.431349870000000E+02,-0.123634165000000E+03
0.431361560000000E+02,-0.123638819000000E+03
0.431361800000000E+02,-0.123642847000000E+03
0.431384470000000E+02,-0.123649904000000E+03
0.431374880000000E+02,-0.123654995000000E+03
0.431335560000000E+02,-0.123661993000000E+03
0.431260320000000E+02,-0.123666368000000E+03
0.431260550000000E+02,-0.123667180000000E+03
0.431312940000000E+02,-0.123676234000000E+03
0.431282980000000E+02,-0.123679888000000E+03
0.431315000000000E+02,-0.123689538000000E+03
0.431317520000000E+02,-0.123692317000000E+03
0.431412160000000E+02,-0.123701928000000E+03
0.431412160000000E+02,-0.123701928000000E+03
0.431703360000000E+02,-0.123701896000000E+03
0.431705360000000E+02,-0.123703796000000E+03
0.431747980000000E+02,-0.123703807000000E+03
0.431803530000000E+02,-0.123699290000000E+03
0.431813820000000E+02,-0.123696228000000E+03
0.431790280000000E+02,-0.123692102000000E+03
0.431762830000000E+02,-0.123688696000000E+03
0.431695130000000E+02,-0.123676540000000E+03
0.431691690000000E+02,-0.123669572000000E+03
0.431709750000000E+02,-0.123667728000000E+03
0.431736970000000E+02,-0.123666977000000E+03
0.431734910000000E+02,-0.123665696000000E+03
0.431719350000000E+02,-0.123664259000000E+03
0.431636320000000E+02,-0.123659481000000E+03
0.431630590000000E+02,-0.123656700000000E+03
0.431639960000000E+02,-0.123653169000000E+03
0.431636980000000E+02,-0.123652857000000E+03
0.431599480000000E+02,-0.123653078000000E+03
0.431587360000000E+02,-0.123654922000000E+03
0.431558540000000E+02,-0.123654611000000E+03
0.431521940000000E+02,-0.123652145000000E+03
0.431489660000000E+02,-0.123645212000000E+03
0.431520090000000E+02,-0.123647334000000E+03
0.431527870000000E+02,-0.123647396000000E+03
0.431559420000000E+02,-0.123644238000000E+03
0.431555070000000E+02,-0.123642271000000E+03
0.431600340000000E+02,-0.123638612000000E+03
0.431621610000000E+02,-0.123638860000000E+03
0.431655210000000E+02,-0.123634546000000E+03
0.431658630000000E+02,-0.123632046000000E+03
0.431651530000000E+02,-0.123629391000000E+03
0.431654030000000E+02,-0.123627797000000E+03
0.431687900000000E+02,-0.123620218000000E+03
0.431702770000000E+02,-0.123618844000000E+03
0.431722240000000E+02,-0.123613909000000E+03
0.431727280000000E+02,-0.123611065000000E+03
0.431725460000000E+02,-0.123609315000000E+03
0.431767350000000E+02,-0.123598817000000E+03
0.431784060000000E+02,-0.123595974000000E+03
0.431829580000000E+02,-0.123594008000000E+03
0.431872130000000E+02,-0.123589822000000E+03
0.431895470000000E+02,-0.123586322000000E+03
0.431970270000000E+02,-0.123580166000000E+03
0.432008690000000E+02,-0.123578855000000E+03
0.432085540000000E+02,-0.123578514000000E+03
0.432115270000000E+02,-0.123579890000000E+03
0.432128320000000E+02,-0.123577577000000E+03
0.432188700000000E+02,-0.123571449000000E+03
0.432278130000000E+02,-0.123558095000000E+03
0.432291630000000E+02,-0.123557063000000E+03
0.432313130000000E+02,-0.123556656000000E+03
0.432330050000000E+02,-0.123557219000000E+03
0.432349720000000E+02,-0.123559001000000E+03
0.432354300000000E+02,-0.123561441000000E+03
0.432370080000000E+02,-0.123561911000000E+03
0.432449670000000E+02,-0.123558782000000E+03
0.432666540000000E+02,-0.123540816000000E+03
0.432727150000000E+02,-0.123540219000000E+03
0.432734010000000E+02,-0.123540531000000E+03
0.432821590000000E+02,-0.123535394000000E+03
0.432845830000000E+02,-0.123531543000000E+03
0.432869840000000E+02,-0.123531260000000E+03
0.432955850000000E+02,-0.123534763000000E+03
END
0.431419110000000E+02,-0.123173140000000E+03
0.431403300000000E+02,-0.123178523000000E+03
0.431406270000000E+02,-0.123180241000000E+03
0.431385000000000E+02,-0.123185220000000E+03
0.431344920000000E+02,-0.123185262000000E+03
0.431340110000000E+02,-0.123198925000000E+03
0.431344610000000E+02,-0.123199771000000E+03
0.431344740000000E+02,-0.123204674000000E+03
0.431312940000000E+02,-0.123206194000000E+03
0.431282740000000E+02,-0.123210565000000E+03
0.431279630000000E+02,-0.123212117000000E+03
0.431305150000000E+02,-0.123214750000000E+03
0.431289130000000E+02,-0.123216592000000E+03
0.431252670000000E+02,-0.123217185000000E+03
0.431214830000000E+02,-0.123214417000000E+03
0.431204950000000E+02,-0.123217712000000E+03
0.431193490000000E+02,-0.123227391000000E+03
0.431200100000000E+02,-0.123232387000000E+03
0.431197800000000E+02,-0.123234791000000E+03
0.431167350000000E+02,-0.123241345000000E+03
0.431149500000000E+02,-0.123243653000000E+03
0.431127310000000E+02,-0.123244994000000E+03
0.431119070000000E+02,-0.123246023000000E+03
0.431095490000000E+02,-0.123251867000000E+03
0.431101450000000E+02,-0.123254020000000E+03
0.431108770000000E+02,-0.123254706000000E+03
0.431131190000000E+02,-0.123255203000000E+03
0.431151090000000E+02,-0.123254764000000E+03
0.431181750000000E+02,-0.123257603000000E+03
0.431184500000000E+02,-0.123258539000000E+03
0.431176070000000E+02,-0.123265096000000E+03
0.431197360000000E+02,-0.123270279000000E+03
0.431198750000000E+02,-0.123276148000000E+03
0.431224160000000E+02,-0.123281986000000E+03
0.431262830000000E+02,-0.123284949000000E+03
0.431271300000000E+02,-0.123286229000000E+03
0.431276300000000E+02,-0.123288339000000E+03
0.431273140000000E+02,-0.123292382000000E+03
0.431211840000000E+02,-0.123295944000000E+03
0.431189650000000E+02,-0.123295976000000E+03
0.431124910000000E+02,-0.123292855000000E+03
0.431078930000000E+02,-0.123289734000000E+03
0.431068870000000E+02,-0.123287893000000E+03
0.431038440000000E+02,-0.123285397000000E+03
0.431021740000000E+02,-0.123286085000000E+03
0.431021980000000E+02,-0.123287021000000E+03
0.431059730000000E+02,-0.123294667000000E+03
0.431056080000000E+02,-0.123305687000000E+03
0.431004390000000E+02,-0.123308684000000E+03
0.430989610000000E+02,-0.123308091000000E+03
0.430989330000000E+02,-0.123321972000000E+03
0.431004160000000E+02,-0.123321450000000E+03
0.431016740000000E+02,-0.123320358000000E+03
0.431022920000000E+02,-0.123317798000000E+03
0.431045790000000E+02,-0.123316987000000E+03
0.431048770000000E+02,-0.123317549000000E+03
0.431048080000000E+02,-0.123319515000000E+03
0.431023810000000E+02,-0.123330347000000E+03
0.430967100000000E+02,-0.123328972000000E+03
0.430913580000000E+02,-0.123329844000000E+03
0.430888870000000E+02,-0.123334900000000E+03
0.430852040000000E+02,-0.123337145000000E+03
0.430796900000000E+02,-0.123343102000000E+03
0.430756610000000E+02,-0.123351743000000E+03
0.430750190000000E+02,-0.123354457000000E+03
0.430754660000000E+02,-0.123359540000000E+03
0.430789720000000E+02,-0.123364195000000E+03
0.430816930000000E+02,-0.123365789000000E+03
0.430893320000000E+02,-0.123368666000000E+03
0.430912990000000E+02,-0.123368730000000E+03
0.431038570000000E+02,-0.123366276000000E+03
0.431047040000000E+02,-0.123364216000000E+03
0.431053930000000E+02,-0.123358630000000E+03
0.431100370000000E+02,-0.123354575000000E+03
0.431112720000000E+02,-0.123354732000000E+03
0.431155480000000E+02,-0.123358294000000E+03
0.431241920000000E+02,-0.123363609000000E+03
0.431270520000000E+02,-0.123364110000000E+03
0.431305720000000E+02,-0.123370577000000E+03
0.431313710000000E+02,-0.123373098000000E+03
0.431270560000000E+02,-0.123374416000000E+03
0.431238860000000E+02,-0.123376625000000E+03
0.431195710000000E+02,-0.123387401000000E+03
0.431132910000000E+02,-0.123390787000000E+03
0.431132880000000E+02,-0.123391643000000E+03
0.431132880000000E+02,-0.123391643000000E+03
0.431248380000000E+02,-0.123388099000000E+03
0.431264580000000E+02,-0.123387815000000E+03
0.431283110000000E+02,-0.123388532000000E+03
0.431309190000000E+02,-0.123390966000000E+03
0.431314240000000E+02,-0.123394994000000E+03
0.431348570000000E+02,-0.123401551000000E+03
0.431421110000000E+02,-0.123411510000000E+03
0.431448110000000E+02,-0.123417631000000E+03
0.431450860000000E+02,-0.123417944000000E+03
0.431463210000000E+02,-0.123417631000000E+03
0.431463210000000E+02,-0.123417631000000E+03
0.431564960000000E+02,-0.123401165000000E+03
0.431581020000000E+02,-0.123397331000000E+03
0.431624910000000E+02,-0.123394067000000E+03
0.431644150000000E+02,-0.123394794000000E+03
0.431687100000000E+02,-0.123395057000000E+03
0.431726320000000E+02,-0.123394265000000E+03
0.431732430000000E+02,-0.123393353000000E+03
0.431737000000000E+02,-0.123391478000000E+03
0.431734150000000E+02,-0.123389487000000E+03
0.431669890000000E+02,-0.123380428000000E+03
0.431662650000000E+02,-0.123377294000000E+03
0.431678090000000E+02,-0.123368082000000E+03
0.431721340000000E+02,-0.123363367000000E+03
0.431735300000000E+02,-0.123362462000000E+03
0.431759310000000E+02,-0.123362714000000E+03
0.431778750000000E+02,-0.123364778000000E+03
0.431785370000000E+02,-0.123366279000000E+03
0.431797700000000E+02,-0.123371719000000E+03
0.431818500000000E+02,-0.123372909000000E+03
0.431840010000000E+02,-0.123372254000000E+03
0.431870210000000E+02,-0.123370069000000E+03
0.431895160000000E+02,-0.123366352000000E+03
0.431907980000000E+02,-0.123362945000000E+03
0.431919210000000E+02,-0.123357351000000E+03
0.431929970000000E+02,-0.123354944000000E+03
0.431944380000000E+02,-0.123353883000000E+03
0.431953080000000E+02,-0.123353914000000E+03
0.432061250000000E+02,-0.123356987000000E+03
0.432072690000000E+02,-0.123356862000000E+03
0.432090070000000E+02,-0.123355457000000E+03
0.432123960000000E+02,-0.123346171000000E+03
0.432144780000000E+02,-0.123343827000000E+03
0.432162160000000E+02,-0.123345204000000E+03
0.432186150000000E+02,-0.123352086000000E+03
0.432191830000000E+02,-0.123358302000000E+03
0.432176710000000E+02,-0.123366595000000E+03
0.432160450000000E+02,-0.123371348000000E+03
0.432159980000000E+02,-0.123373662000000E+03
0.432166840000000E+02,-0.123377236000000E+03
0.432191320000000E+02,-0.123378641000000E+03
0.432214890000000E+02,-0.123382141000000E+03
0.432226570000000E+02,-0.123385174000000E+03
0.432216750000000E+02,-0.123388678000000E+03
0.432173310000000E+02,-0.123393935000000E+03
0.432131920000000E+02,-0.123395408000000E+03
0.432117740000000E+02,-0.123396722000000E+03
0.432109740000000E+02,-0.123398474000000E+03
0.432115470000000E+02,-0.123401225000000E+03
0.432180690000000E+02,-0.123413387000000E+03
0.432190070000000E+02,-0.123414137000000E+03
0.432214310000000E+02,-0.123413980000000E+03
0.432281090000000E+02,-0.123410943000000E+03
0.432306700000000E+02,-0.123408033000000E+03
0.432320420000000E+02,-0.123407532000000E+03
0.432390420000000E+02,-0.123410845000000E+03
0.432424960000000E+02,-0.123411938000000E+03
0.432457660000000E+02,-0.123411875000000E+03
0.432498370000000E+02,-0.123413751000000E+03
0.432553100000000E+02,-0.123416814000000E+03
0.432586500000000E+02,-0.123420319000000E+03
0.432597480000000E+02,-0.123422728000000E+03
0.432592460000000E+02,-0.123427391000000E+03
0.432548550000000E+02,-0.123434432000000E+03
0.432472790000000E+02,-0.123442662000000E+03
0.432467750000000E+02,-0.123445572000000E+03
0.432478270000000E+02,-0.123447325000000E+03
0.432508730000000E+02,-0.123446475000000E+03
0.432520500000000E+02,-0.123445437000000E+03
0.432533880000000E+02,-0.123442588000000E+03
0.432556760000000E+02,-0.123441878000000E+03
0.432581870000000E+02,-0.123442371000000E+03
0.432600580000000E+02,-0.123443518000000E+03
0.432630750000000E+02,-0.123449396000000E+03
0.432643210000000E+02,-0.123449181000000E+03
0.432677770000000E+02,-0.123445605000000E+03
0.432671370000000E+02,-0.123430394000000E+03
0.432693770000000E+02,-0.123422632000000E+03
0.432717970000000E+02,-0.123403036000000E+03
0.432726430000000E+02,-0.123400782000000E+03
0.432760030000000E+02,-0.123396617000000E+03
0.432840980000000E+02,-0.123389787000000E+03
0.432867050000000E+02,-0.123388376000000E+03
0.432926740000000E+02,-0.123386743000000E+03
0.432950060000000E+02,-0.123385645000000E+03
0.432993280000000E+02,-0.123382259000000E+03
0.433002420000000E+02,-0.123380943000000E+03
0.433004010000000E+02,-0.123379409000000E+03
0.432998280000000E+02,-0.123377092000000E+03
0.432984330000000E+02,-0.123374184000000E+03
0.432933570000000E+02,-0.123371642000000E+03
0.432897200000000E+02,-0.123371106000000E+03
0.432846210000000E+02,-0.123368628000000E+03
0.432816030000000E+02,-0.123365839000000E+03
0.432795010000000E+02,-0.123361955000000E+03
0.432799370000000E+02,-0.123358606000000E+03
0.432855210000000E+02,-0.123349061000000E+03
0.432864370000000E+02,-0.123344490000000E+03
0.432863700000000E+02,-0.123340796000000E+03
0.432835820000000E+02,-0.123327270000000E+03
0.432851830000000E+02,-0.123324765000000E+03
0.432871040000000E+02,-0.123325204000000E+03
0.432903290000000E+02,-0.123328556000000E+03
0.432936000000000E+02,-0.123326834000000E+03
0.432961390000000E+02,-0.123317597000000E+03
0.432965280000000E+02,-0.123311522000000E+03
0.432979690000000E+02,-0.123310019000000E+03
0.433022690000000E+02,-0.123307827000000E+03
0.433029100000000E+02,-0.123306950000000E+03
0.433032990000000E+02,-0.123303098000000E+03
0.433026810000000E+02,-0.123300468000000E+03
0.432976480000000E+02,-0.123294080000000E+03
0.432959090000000E+02,-0.123290229000000E+03
0.432955880000000E+02,-0.123286503000000E+03
0.432964560000000E+02,-0.123283527000000E+03
0.432998860000000E+02,-0.123280738000000E+03
0.433056270000000E+02,-0.123279390000000E+03
0.433113000000000E+02,-0.123282957000000E+03
0.433127190000000E+02,-0.123284679000000E+03
0.433137480000000E+02,-0.123284365000000E+03
0.433147530000000E+02,-0.123281107000000E+03
0.433145220000000E+02,-0.123272024000000E+03
0.433148870000000E+02,-0.123269987000000E+03
0.433160520000000E+02,-0.123266353000000E+03
0.433189080000000E+02,-0.123260555000000E+03
0.433184960000000E+02,-0.123259115000000E+03
0.433174430000000E+02,-0.123258051000000E+03
0.433141040000000E+02,-0.123257741000000E+03
0.433114050000000E+02,-0.123258651000000E+03
0.433065350000000E+02,-0.123261224000000E+03
0.432996980000000E+02,-0.123265457000000E+03
0.432930190000000E+02,-0.123264679000000E+03
0.432880550000000E+02,-0.123262804000000E+03
0.432857900000000E+02,-0.123260896000000E+03
0.432850790000000E+02,-0.123257766000000E+03
0.432858090000000E+02,-0.123253413000000E+03
0.432855570000000E+02,-0.123251910000000E+03
0.432848240000000E+02,-0.123250735000000E+03
0.432832690000000E+02,-0.123250476000000E+03
0.432826070000000E+02,-0.123248566000000E+03
0.432829740000000E+02,-0.123245999000000E+03
0.432864080000000E+02,-0.123238833000000E+03
0.432909390000000E+02,-0.123232888000000E+03
0.432983540000000E+02,-0.123220243000000E+03
0.433031360000000E+02,-0.123213231000000E+03
0.433043710000000E+02,-0.123212542000000E+03
0.433064760000000E+02,-0.123212637000000E+03
0.433080760000000E+02,-0.123213389000000E+03
0.433093110000000E+02,-0.123214924000000E+03
0.433121230000000E+02,-0.123220657000000E+03
0.433131520000000E+02,-0.123221503000000E+03
0.433161020000000E+02,-0.123221881000000E+03
0.433176810000000E+02,-0.123219470000000E+03
0.433179560000000E+02,-0.123217246000000E+03
0.433170190000000E+02,-0.123214708000000E+03
0.433156010000000E+02,-0.123213768000000E+03
0.433116900000000E+02,-0.123213171000000E+03
0.433097010000000E+02,-0.123210540000000E+03
0.433097240000000E+02,-0.123209224000000E+03
0.433117600000000E+02,-0.123206469000000E+03
0.433134760000000E+02,-0.123205029000000E+03
0.433140710000000E+02,-0.123203494000000E+03
0.433134310000000E+02,-0.123200299000000E+03
0.433113040000000E+02,-0.123198606000000E+03
0.433103200000000E+02,-0.123196602000000E+03
0.433104580000000E+02,-0.123191528000000E+03
0.433130190000000E+02,-0.123178248000000E+03
0.433140940000000E+02,-0.123167254000000E+03
0.433140240000000E+02,-0.123163494000000E+03
0.433124800000000E+02,-0.123161446000000E+03
0.433102040000000E+02,-0.123159612000000E+03
0.433076410000000E+02,-0.123154978000000E+03
0.433066100000000E+02,-0.123150438000000E+03
0.433075840000000E+02,-0.123127323000000E+03
0.433073550000000E+02,-0.123124778000000E+03
0.433049790000000E+02,-0.123119264000000E+03
0.432994260000000E+02,-0.123108767000000E+03
0.432965910000000E+02,-0.123105571000000E+03
0.432964770000000E+02,-0.123104507000000E+03
0.432975980000000E+02,-0.123101814000000E+03
0.432975980000000E+02,-0.123101814000000E+03
0.432972480000000E+02,-0.123100786000000E+03
0.432959960000000E+02,-0.123105728000000E+03
0.432979740000000E+02,-0.123115602000000E+03
0.432990010000000E+02,-0.123117271000000E+03
0.433003340000000E+02,-0.123117864000000E+03
0.433019050000000E+02,-0.123117356000000E+03
0.433031480000000E+02,-0.123121924000000E+03
0.433030160000000E+02,-0.123141921000000E+03
0.432994700000000E+02,-0.123141955000000E+03
0.432995650000000E+02,-0.123152290000000E+03
0.433027310000000E+02,-0.123164261000000E+03
0.433021990000000E+02,-0.123168071000000E+03
0.433010790000000E+02,-0.123170859000000E+03
0.432993180000000E+02,-0.123173239000000E+03
0.432864880000000E+02,-0.123183887000000E+03
0.432785280000000E+02,-0.123192965000000E+03
0.432679800000000E+02,-0.123156627000000E+03
0.432643650000000E+02,-0.123152058000000E+03
0.432630610000000E+02,-0.123150807000000E+03
0.432605670000000E+02,-0.123149964000000E+03
0.432576640000000E+02,-0.123153126000000E+03
0.432540740000000E+02,-0.123156101000000E+03
0.432511690000000E+02,-0.123157792000000E+03
0.432494170000000E+02,-0.123157700000000E+03
0.432475740000000E+02,-0.123155636000000E+03
0.432434340000000E+02,-0.123152603000000E+03
0.432414890000000E+02,-0.123152104000000E+03
0.432394080000000E+02,-0.123152699000000E+03
0.432355190000000E+02,-0.123150668000000E+03
0.432327730000000E+02,-0.123147604000000E+03
0.432320400000000E+02,-0.123143694000000E+03
0.432340740000000E+02,-0.123140252000000E+03
0.432341190000000E+02,-0.123138813000000E+03
0.432338220000000E+02,-0.123137593000000E+03
0.432324260000000E+02,-0.123135905000000E+03
0.432299990000000E+02,-0.123134660000000E+03
0.432394900000000E+02,-0.123118463000000E+03
0.432360830000000E+02,-0.123121076000000E+03
0.432298390000000E+02,-0.123132467000000E+03
0.432217210000000E+02,-0.123134976000000E+03
0.432192040000000E+02,-0.123131976000000E+03
0.432155330000000E+02,-0.123120832000000E+03
0.432113410000000E+02,-0.123117708000000E+03
0.432079740000000E+02,-0.123119016000000E+03
0.432070580000000E+02,-0.123120266000000E+03
0.432023230000000E+02,-0.123121012000000E+03
0.432002880000000E+02,-0.123119791000000E+03
0.431987580000000E+02,-0.123115131000000E+03
0.431990560000000E+02,-0.123112756000000E+03
0.432020980000000E+02,-0.123114259000000E+03
0.432019820000000E+02,-0.123117698000000E+03
0.432042010000000E+02,-0.123117137000000E+03
0.432086870000000E+02,-0.123109637000000E+03
0.432094890000000E+02,-0.123106635000000E+03
0.432083460000000E+02,-0.123104915000000E+03
0.432015080000000E+02,-0.123100471000000E+03
0.431989920000000E+02,-0.123100719000000E+03
0.431948750000000E+02,-0.123102310000000E+03
0.431909180000000E+02,-0.123102870000000E+03
0.431882650000000E+02,-0.123102275000000E+03
0.431849210000000E+02,-0.123113463000000E+03
0.431760650000000E+02,-0.123121550000000E+03
0.431745720000000E+02,-0.123128628000000E+03
0.431734400000000E+02,-0.123145872000000E+03
0.431720700000000E+02,-0.123147081000000E+03
0.431699200000000E+02,-0.123147863000000E+03
0.431663520000000E+02,-0.123148147000000E+03
0.431661910000000E+02,-0.123145866000000E+03
0.431656890000000E+02,-0.123145410000000E+03
0.431623900000000E+02,-0.123145418000000E+03
0.431620130000000E+02,-0.123149162000000E+03
0.431595830000000E+02,-0.123150901000000E+03
0.431560170000000E+02,-0.123157964000000E+03
0.431544860000000E+02,-0.123162932000000E+03
0.431552640000000E+02,-0.123164900000000E+03
0.431535260000000E+02,-0.123168306000000E+03
0.431504620000000E+02,-0.123176772000000E+03
0.431493880000000E+02,-0.123185675000000E+03
0.431484040000000E+02,-0.123188549000000E+03
0.431423430000000E+02,-0.123193484000000E+03
0.431413820000000E+02,-0.123193453000000E+03
0.431419110000000E+02,-0.123173140000000E+03
END
