0.452202070000000E+02,-0.123434934000000E+03
0.452193610000000E+02,-0.123434190000000E+03
0.452185430000000E+02,-0.123431251000000E+03
0.452199050000000E+02,-0.123427057000000E+03
0.452218030000000E+02,-0.123426981000000E+03
0.452236780000000E+02,-0.123428461000000E+03
0.452241020000000E+02,-0.123426069000000E+03
0.452239680000000E+02,-0.123422633000000E+03
0.452216060000000E+02,-0.123420131000000E+03
0.452192640000000E+02,-0.123413567000000E+03
0.452207280000000E+02,-0.123403716000000E+03
0.452239960000000E+02,-0.123396629000000E+03
0.452273780000000E+02,-0.123392356000000E+03
0.452273780000000E+02,-0.123392356000000E+03
0.452269660000000E+02,-0.123390318000000E+03
0.452242890000000E+02,-0.123385952000000E+03
0.452222540000000E+02,-0.123386213000000E+03
0.452199200000000E+02,-0.123383595000000E+03
0.452198730000000E+02,-0.123380716000000E+03
0.452184780000000E+02,-0.123372918000000E+03
0.452156900000000E+02,-0.123368516000000E+03
0.452101340000000E+02,-0.123369286000000E+03
0.451952730000000E+02,-0.123369498000000E+03
0.451935750000000E+02,-0.123367745000000E+03
0.451946440000000E+02,-0.123365618000000E+03
0.451948570000000E+02,-0.123360135000000E+03
0.451788930000000E+02,-0.123360149000000E+03
0.451790250000000E+02,-0.123355686000000E+03
0.451731880000000E+02,-0.123355768000000E+03
0.451713880000000E+02,-0.123350372000000E+03
0.451747740000000E+02,-0.123344556000000E+03
0.451757820000000E+02,-0.123335699000000E+03
0.451737480000000E+02,-0.123329976000000E+03
0.451710750000000E+02,-0.123319761000000E+03
0.451689030000000E+02,-0.123318048000000E+03
0.451638270000000E+02,-0.123318500000000E+03
0.451600770000000E+02,-0.123319509000000E+03
0.451567610000000E+02,-0.123324122000000E+03
0.451518680000000E+02,-0.123324638000000E+03
0.451442320000000E+02,-0.123323118000000E+03
0.451352460000000E+02,-0.123319660000000E+03
0.451339240000000E+02,-0.123318210000000E+03
0.451263520000000E+02,-0.123318077000000E+03
0.451173430000000E+02,-0.123318689000000E+03
0.451171340000000E+02,-0.123341715000000E+03
0.451190530000000E+02,-0.123348271000000E+03
0.451225950000000E+02,-0.123354086000000E+03
0.451225920000000E+02,-0.123361740000000E+03
0.451136520000000E+02,-0.123361474000000E+03
0.451114530000000E+02,-0.123359261000000E+03
0.451118020000000E+02,-0.123356339000000E+03
0.451111640000000E+02,-0.123352109000000E+03
0.451053560000000E+02,-0.123350749000000E+03
0.451041910000000E+02,-0.123348811000000E+03
0.451041000000000E+02,-0.123346131000000E+03
0.451054280000000E+02,-0.123341644000000E+03
0.451061140000000E+02,-0.123341257000000E+03
0.451068680000000E+02,-0.123341709000000E+03
0.451078280000000E+02,-0.123341548000000E+03
0.451085600000000E+02,-0.123340613000000E+03
0.451079900000000E+02,-0.123332992000000E+03
0.451071440000000E+02,-0.123332152000000E+03
0.451029140000000E+02,-0.123337413000000E+03
0.451011530000000E+02,-0.123337315000000E+03
0.451008560000000E+02,-0.123287664000000E+03
0.451018380000000E+02,-0.123282563000000E+03
0.451040100000000E+02,-0.123279493000000E+03
0.451107320000000E+02,-0.123279361000000E+03
0.451105910000000E+02,-0.123269093000000E+03
0.451088840000000E+02,-0.123262389000000E+03
0.451088840000000E+02,-0.123262389000000E+03
0.451074780000000E+02,-0.123260701000000E+03
0.451060150000000E+02,-0.123261218000000E+03
0.451066110000000E+02,-0.123264221000000E+03
0.451085550000000E+02,-0.123265188000000E+03
0.451088070000000E+02,-0.123266350000000E+03
0.451060650000000E+02,-0.123273390000000E+03
0.451027970000000E+02,-0.123275394000000E+03
0.450998010000000E+02,-0.123274976000000E+03
0.450990690000000E+02,-0.123274267000000E+03
0.450994800000000E+02,-0.123271845000000E+03
0.450947920000000E+02,-0.123270816000000E+03
0.450940160000000E+02,-0.123273980000000E+03
0.450916630000000E+02,-0.123278726000000E+03
0.450897190000000E+02,-0.123278469000000E+03
0.450882320000000E+02,-0.123277437000000E+03
0.450865630000000E+02,-0.123277535000000E+03
0.450819910000000E+02,-0.123279635000000E+03
0.450805740000000E+02,-0.123283186000000E+03
0.450797510000000E+02,-0.123283897000000E+03
0.450750880000000E+02,-0.123285867000000E+03
0.450750560000000E+02,-0.123321533000000E+03
0.450578960000000E+02,-0.123322006000000E+03
0.450579850000000E+02,-0.123341620000000E+03
0.450580760000000E+02,-0.123342104000000E+03
0.450617340000000E+02,-0.123342105000000E+03
0.450603150000000E+02,-0.123348105000000E+03
0.450602660000000E+02,-0.123357751000000E+03
0.450617730000000E+02,-0.123359139000000E+03
0.450601490000000E+02,-0.123362203000000E+03
0.450546600000000E+02,-0.123366746000000E+03
0.450487140000000E+02,-0.123369740000000E+03
0.450392360000000E+02,-0.123372743000000E+03
0.450388660000000E+02,-0.123352607000000E+03
0.450394160000000E+02,-0.123351382000000E+03
0.450413820000000E+02,-0.123350448000000E+03
0.450413850000000E+02,-0.123342321000000E+03
0.450429390000000E+02,-0.123342161000000E+03
0.450433970000000E+02,-0.123340097000000E+03
0.450433770000000E+02,-0.123326776000000E+03
0.450406060000000E+02,-0.123326799000000E+03
0.450406060000000E+02,-0.123326799000000E+03
0.450405640000000E+02,-0.123329065000000E+03
0.450388720000000E+02,-0.123331580000000E+03
0.450371560000000E+02,-0.123336159000000E+03
0.450355760000000E+02,-0.123344253000000E+03
0.450312750000000E+02,-0.123354311000000E+03
0.450200860000000E+02,-0.123371711000000E+03
0.450146400000000E+02,-0.123374914000000E+03
0.450128820000000E+02,-0.123376692000000E+03
0.450107580000000E+02,-0.123381794000000E+03
0.450075810000000E+02,-0.123383215000000E+03
0.450073310000000E+02,-0.123386180000000E+03
0.450082520000000E+02,-0.123402908000000E+03
0.450094890000000E+02,-0.123412255000000E+03
0.450111440000000E+02,-0.123414191000000E+03
0.450146570000000E+02,-0.123415927000000E+03
0.450184530000000E+02,-0.123421083000000E+03
0.450171270000000E+02,-0.123422696000000E+03
0.450152290000000E+02,-0.123423470000000E+03
0.450137210000000E+02,-0.123421858000000E+03
0.450108170000000E+02,-0.123420634000000E+03
0.450059010000000E+02,-0.123420636000000E+03
0.450040950000000E+02,-0.123421507000000E+03
0.450009620000000E+02,-0.123421798000000E+03
0.449960940000000E+02,-0.123420350000000E+03
0.449893490000000E+02,-0.123424122000000E+03
0.449856230000000E+02,-0.123428730000000E+03
0.449832910000000E+02,-0.123438395000000E+03
0.449821480000000E+02,-0.123440876000000E+03
0.449793810000000E+02,-0.123442970000000E+03
0.449775290000000E+02,-0.123443163000000E+03
0.449762940000000E+02,-0.123442679000000E+03
0.449758830000000E+02,-0.123443034000000E+03
0.449721550000000E+02,-0.123449991000000E+03
0.449701840000000E+02,-0.123456810000000E+03
0.449701840000000E+02,-0.123456810000000E+03
0.449684500000000E+02,-0.123458783000000E+03
0.449676720000000E+02,-0.123461875000000E+03
0.449683560000000E+02,-0.123466933000000E+03
0.449672820000000E+02,-0.123468156000000E+03
0.449666180000000E+02,-0.123468252000000E+03
0.449649030000000E+02,-0.123471246000000E+03
0.449648790000000E+02,-0.123472503000000E+03
0.449663650000000E+02,-0.123475080000000E+03
0.449655850000000E+02,-0.123481167000000E+03
0.449665400000000E+02,-0.123492826000000E+03
0.449661400000000E+02,-0.123496899000000E+03
0.449677940000000E+02,-0.123502652000000E+03
0.449719580000000E+02,-0.123507481000000E+03
0.449732640000000E+02,-0.123513277000000E+03
0.449718150000000E+02,-0.123509858000000E+03
0.449695190000000E+02,-0.123510098000000E+03
0.449697910000000E+02,-0.123536241000000E+03
0.449676020000000E+02,-0.123539403000000E+03
0.449666880000000E+02,-0.123542076000000E+03
0.449662540000000E+02,-0.123544653000000E+03
0.449671460000000E+02,-0.123545522000000E+03
0.449673750000000E+02,-0.123546875000000E+03
0.449640600000000E+02,-0.123553381000000E+03
0.449625740000000E+02,-0.123561465000000E+03
0.449613390000000E+02,-0.123561722000000E+03
0.449614540000000E+02,-0.123564299000000E+03
0.449632370000000E+02,-0.123564685000000E+03
0.449633970000000E+02,-0.123568615000000E+03
0.449652490000000E+02,-0.123573962000000E+03
0.449651800000000E+02,-0.123577247000000E+03
0.449642420000000E+02,-0.123580209000000E+03
0.449646530000000E+02,-0.123580532000000E+03
0.449668720000000E+02,-0.123578535000000E+03
0.449674430000000E+02,-0.123579502000000E+03
0.449675340000000E+02,-0.123581080000000E+03
0.449683350000000E+02,-0.123580758000000E+03
0.449709190000000E+02,-0.123577538000000E+03
0.449708960000000E+02,-0.123576991000000E+03
0.449693870000000E+02,-0.123576314000000E+03
0.449690210000000E+02,-0.123573383000000E+03
0.449713080000000E+02,-0.123569776000000E+03
0.449766810000000E+02,-0.123571065000000E+03
0.449782820000000E+02,-0.123573932000000E+03
0.449793110000000E+02,-0.123571323000000E+03
0.449799280000000E+02,-0.123571194000000E+03
0.449809110000000E+02,-0.123572000000000E+03
0.449829460000000E+02,-0.123571452000000E+03
0.449833580000000E+02,-0.123568875000000E+03
0.449843640000000E+02,-0.123567844000000E+03
0.449862160000000E+02,-0.123567329000000E+03
0.449883870000000E+02,-0.123568296000000E+03
0.449906730000000E+02,-0.123571164000000E+03
0.449920220000000E+02,-0.123578446000000E+03
0.449928680000000E+02,-0.123578800000000E+03
0.449943770000000E+02,-0.123578446000000E+03
0.449943770000000E+02,-0.123578446000000E+03
0.449946740000000E+02,-0.123576932000000E+03
0.449973960000000E+02,-0.123572711000000E+03
0.449984250000000E+02,-0.123570262000000E+03
0.449984250000000E+02,-0.123570262000000E+03
0.449976470000000E+02,-0.123568748000000E+03
0.449973040000000E+02,-0.123565912000000E+03
0.449930970000000E+02,-0.123562786000000E+03
0.449914280000000E+02,-0.123563656000000E+03
0.449860790000000E+02,-0.123564365000000E+03
0.449882050000000E+02,-0.123562754000000E+03
0.449918630000000E+02,-0.123561175000000E+03
0.449963670000000E+02,-0.123555439000000E+03
0.449970310000000E+02,-0.123553860000000E+03
0.450063120000000E+02,-0.123550699000000E+03
0.450106100000000E+02,-0.123550795000000E+03
0.450147260000000E+02,-0.123551954000000E+03
0.450157780000000E+02,-0.123551277000000E+03
0.450167380000000E+02,-0.123549762000000E+03
0.450179950000000E+02,-0.123545571000000E+03
0.450222890000000E+02,-0.123545574000000E+03
0.450235880000000E+02,-0.123546685000000E+03
0.450249510000000E+02,-0.123548870000000E+03
0.450249510000000E+02,-0.123548870000000E+03
0.450289250000000E+02,-0.123550113000000E+03
0.450376810000000E+02,-0.123547112000000E+03
0.450485170000000E+02,-0.123534531000000E+03
0.450460460000000E+02,-0.123528630000000E+03
0.450460200000000E+02,-0.123520179000000E+03
0.450467510000000E+02,-0.123518114000000E+03
0.450493560000000E+02,-0.123514468000000E+03
0.450504070000000E+02,-0.123511854000000E+03
0.450503130000000E+02,-0.123508468000000E+03
0.450495120000000E+02,-0.123505404000000E+03
0.450502410000000E+02,-0.123501219000000E+03
0.450528160000000E+02,-0.123495812000000E+03
0.450572190000000E+02,-0.123492783000000E+03
0.450605800000000E+02,-0.123491915000000E+03
0.450636440000000E+02,-0.123492467000000E+03
0.450647640000000E+02,-0.123491952000000E+03
0.450698880000000E+02,-0.123486407000000E+03
0.450723920000000E+02,-0.123482592000000E+03
0.450722870000000E+02,-0.123478781000000E+03
0.450752130000000E+02,-0.123478257000000E+03
0.450752120000000E+02,-0.123478009000000E+03
0.450773690000000E+02,-0.123477281000000E+03
0.450781920000000E+02,-0.123476507000000E+03
0.450846760000000E+02,-0.123467481000000E+03
0.450880270000000E+02,-0.123466250000000E+03
0.450962120000000E+02,-0.123466835000000E+03
0.451003040000000E+02,-0.123468290000000E+03
0.451050130000000E+02,-0.123469164000000E+03
0.451106600000000E+02,-0.123469105000000E+03
0.451118040000000E+02,-0.123467392000000E+03
0.451138620000000E+02,-0.123465908000000E+03
0.451227350000000E+02,-0.123461972000000E+03
0.451280630000000E+02,-0.123462587000000E+03
0.451276760000000E+02,-0.123454028000000E+03
0.451285680000000E+02,-0.123446470000000E+03
0.451308780000000E+02,-0.123446794000000E+03
0.451326380000000E+02,-0.123448344000000E+03
0.451336670000000E+02,-0.123450573000000E+03
0.451351520000000E+02,-0.123455031000000E+03
0.451358370000000E+02,-0.123459360000000E+03
0.451377570000000E+02,-0.123462526000000E+03
0.451402950000000E+02,-0.123464789000000E+03
0.451423750000000E+02,-0.123465533000000E+03
0.451463310000000E+02,-0.123464888000000E+03
0.451466500000000E+02,-0.123467699000000E+03
0.451461460000000E+02,-0.123472351000000E+03
0.451440160000000E+02,-0.123482398000000E+03
0.451439220000000E+02,-0.123489957000000E+03
0.451445140000000E+02,-0.123492447000000E+03
0.451506630000000E+02,-0.123494520000000E+03
0.451549830000000E+02,-0.123497594000000E+03
0.451654980000000E+02,-0.123499977000000E+03
0.451663230000000E+02,-0.123498285000000E+03
0.451689580000000E+02,-0.123487977000000E+03
0.451690290000000E+02,-0.123480285000000E+03
0.451698530000000E+02,-0.123478151000000E+03
0.451710660000000E+02,-0.123476794000000E+03
0.451722770000000E+02,-0.123476440000000E+03
0.451764380000000E+02,-0.123477639000000E+03
0.451790230000000E+02,-0.123474602000000E+03
0.451857000000000E+02,-0.123472408000000E+03
0.451893350000000E+02,-0.123474997000000E+03
0.451969240000000E+02,-0.123479303000000E+03
0.451991870000000E+02,-0.123479789000000E+03
0.452082670000000E+02,-0.123472519000000E+03
0.452112170000000E+02,-0.123467669000000E+03
0.452119730000000E+02,-0.123464047000000E+03
0.452146950000000E+02,-0.123459358000000E+03
0.452176670000000E+02,-0.123457935000000E+03
0.452209140000000E+02,-0.123453601000000E+03
0.452212130000000E+02,-0.123441048000000E+03
0.452209840000000E+02,-0.123435775000000E+03
0.452202070000000E+02,-0.123434934000000E+03
END
