0.457602390000000E+02,-0.123288061000000E+03
0.457574790000000E+02,-0.123287338000000E+03
0.457430580000000E+02,-0.123272488000000E+03
0.457360570000000E+02,-0.123259140000000E+03
0.457322590000000E+02,-0.123254997000000E+03
0.457267960000000E+02,-0.123246207000000E+03
0.457247180000000E+02,-0.123241015000000E+03
0.457234380000000E+02,-0.123239023000000E+03
0.457216780000000E+02,-0.123238173000000E+03
0.457144250000000E+02,-0.123238877000000E+03
0.457118450000000E+02,-0.123243614000000E+03
0.457115470000000E+02,-0.123246257000000E+03
0.457071320000000E+02,-0.123243175000000E+03
0.457060790000000E+02,-0.123242151000000E+03
0.457055640000000E+02,-0.123240755000000E+03
0.457055640000000E+02,-0.123240755000000E+03
0.457043480000000E+02,-0.123239331000000E+03
0.457020170000000E+02,-0.123237991000000E+03
0.456987250000000E+02,-0.123237890000000E+03
0.456968740000000E+02,-0.123236779000000E+03
0.456915500000000E+02,-0.123229663000000E+03
0.456891240000000E+02,-0.123235566000000E+03
0.456887100000000E+02,-0.123241445000000E+03
0.456833440000000E+02,-0.123250590000000E+03
0.456824690000000E+02,-0.123254413000000E+03
0.456803460000000E+02,-0.123268391000000E+03
0.456827940000000E+02,-0.123274781000000E+03
0.456812410000000E+02,-0.123277946000000E+03
0.456798920000000E+02,-0.123279186000000E+03
0.456781320000000E+02,-0.123279514000000E+03
0.456781320000000E+02,-0.123279514000000E+03
0.456755490000000E+02,-0.123282515000000E+03
0.456746580000000E+02,-0.123285418000000E+03
0.456747730000000E+02,-0.123287375000000E+03
0.456715730000000E+02,-0.123291224000000E+03
0.456663150000000E+02,-0.123292694000000E+03
0.456670470000000E+02,-0.123295269000000E+03
0.456684650000000E+02,-0.123297910000000E+03
0.456678480000000E+02,-0.123304627000000E+03
0.456704090000000E+02,-0.123306747000000E+03
0.456742040000000E+02,-0.123308280000000E+03
0.456767190000000E+02,-0.123313204000000E+03
0.456803090000000E+02,-0.123315487000000E+03
0.456812230000000E+02,-0.123315911000000E+03
0.456823890000000E+02,-0.123315683000000E+03
0.456837610000000E+02,-0.123313987000000E+03
0.456842410000000E+02,-0.123313987000000E+03
0.456869380000000E+02,-0.123321261000000E+03
0.456879900000000E+02,-0.123322207000000E+03
0.456879900000000E+02,-0.123322207000000E+03
0.456981640000000E+02,-0.123320903000000E+03
0.457015470000000E+02,-0.123321002000000E+03
0.457051820000000E+02,-0.123318139000000E+03
0.457051820000000E+02,-0.123318139000000E+03
0.457052380000000E+02,-0.123316221000000E+03
0.457063590000000E+02,-0.123313579000000E+03
0.457120410000000E+02,-0.123307199000000E+03
0.457191960000000E+02,-0.123297277000000E+03
0.457217330000000E+02,-0.123292609000000E+03
0.457229220000000E+02,-0.123289021000000E+03
0.457226260000000E+02,-0.123286638000000E+03
0.457257090000000E+02,-0.123283860000000E+03
0.457377110000000E+02,-0.123282939000000E+03
0.457414840000000E+02,-0.123285843000000E+03
0.457478640000000E+02,-0.123292436000000E+03
0.457493640000000E+02,-0.123294461000000E+03
0.457503060000000E+02,-0.123297824000000E+03
0.457529090000000E+02,-0.123298280000000E+03
0.457603650000000E+02,-0.123298004000000E+03
0.457612520000000E+02,-0.123291941000000E+03
0.457602390000000E+02,-0.123288061000000E+03
END
0.455945560000000E+02,-0.123082243000000E+03
0.455858270000000E+02,-0.123068110000000E+03
0.455782360000000E+02,-0.123068562000000E+03
0.455789880000000E+02,-0.123070882000000E+03
0.455753720000000E+02,-0.123073410000000E+03
0.455736600000000E+02,-0.123073122000000E+03
0.455750360000000E+02,-0.123071618000000E+03
0.455745720000000E+02,-0.123070338000000E+03
0.455726160000000E+02,-0.123068342000000E+03
0.455677880000000E+02,-0.123067890000000E+03
0.455667160000000E+02,-0.123070562000000E+03
0.455642360000000E+02,-0.123069970000000E+03
0.455617880000000E+02,-0.123066562000000E+03
0.455605560000000E+02,-0.123063906000000E+03
0.455567160000000E+02,-0.123062354000000E+03
0.455554200000000E+02,-0.123063618000000E+03
0.455512600000000E+02,-0.123063938000000E+03
0.455489720000000E+02,-0.123061649000000E+03
0.455454850000000E+02,-0.123059553000000E+03
0.455306530000000E+02,-0.123059777000000E+03
0.455267430000000E+02,-0.123064696000000E+03
0.455268020000000E+02,-0.123066620000000E+03
0.455239810000000E+02,-0.123070369000000E+03
0.455181400000000E+02,-0.123075217000000E+03
0.455119640000000E+02,-0.123091282000000E+03
0.455059320000000E+02,-0.123091362000000E+03
0.454991800000000E+02,-0.123088321000000E+03
0.454964760000000E+02,-0.123089409000000E+03
0.454942360000000E+02,-0.123091841000000E+03
0.454920120000000E+02,-0.123091937000000E+03
0.454920120000000E+02,-0.123091937000000E+03
0.454894680000000E+02,-0.123092673000000E+03
0.454860120000000E+02,-0.123095521000000E+03
0.454798520000000E+02,-0.123105442000000E+03
0.454784760000000E+02,-0.123108178000000E+03
0.454770040000000E+02,-0.123119234000000E+03
0.454752120000000E+02,-0.123123746000000E+03
0.454740920000000E+02,-0.123124130000000E+03
0.454747160000000E+02,-0.123125314000000E+03
0.454770040000000E+02,-0.123122818000000E+03
0.454781240000000E+02,-0.123117346000000E+03
0.454789080000000E+02,-0.123116418000000E+03
0.454811320000000E+02,-0.123116786000000E+03
0.454836760000000E+02,-0.123120338000000E+03
0.454854520000000E+02,-0.123126218000000E+03
0.454882790000000E+02,-0.123132519000000E+03
0.454892860000000E+02,-0.123134144000000E+03
0.454916640000000E+02,-0.123136124000000E+03
0.454956220000000E+02,-0.123144314000000E+03
0.454942080000000E+02,-0.123155595000000E+03
0.454951010000000E+02,-0.123160990000000E+03
0.454973650000000E+02,-0.123160957000000E+03
0.454982340000000E+02,-0.123162159000000E+03
0.454985780000000E+02,-0.123166418000000E+03
0.454980980000000E+02,-0.123167296000000E+03
0.454982820000000E+02,-0.123173407000000E+03
0.454995060000000E+02,-0.123177309000000E+03
0.455009880000000E+02,-0.123178446000000E+03
0.455036630000000E+02,-0.123181860000000E+03
0.455075730000000E+02,-0.123188460000000E+03
0.455129870000000E+02,-0.123194256000000E+03
0.455161820000000E+02,-0.123196273000000E+03
0.455191510000000E+02,-0.123195860000000E+03
0.455205430000000E+02,-0.123198312000000E+03
0.455209790000000E+02,-0.123200194000000E+03
0.455195830000000E+02,-0.123202880000000E+03
0.455179330000000E+02,-0.123202729000000E+03
0.455138450000000E+02,-0.123205142000000E+03
0.455127180000000E+02,-0.123208919000000E+03
0.455133500000000E+02,-0.123210670000000E+03
0.455160740000000E+02,-0.123211615000000E+03
0.455222030000000E+02,-0.123207519000000E+03
0.455275750000000E+02,-0.123207684000000E+03
0.455287080000000E+02,-0.123208680000000E+03
0.455276760000000E+02,-0.123208466000000E+03
0.455251390000000E+02,-0.123209881000000E+03
0.455250160000000E+02,-0.123210596000000E+03
0.455251300000000E+02,-0.123212365000000E+03
0.455275700000000E+02,-0.123213889000000E+03
0.455367720000000E+02,-0.123217106000000E+03
0.455384530000000E+02,-0.123217258000000E+03
0.455454050000000E+02,-0.123213829000000E+03
0.455479510000000E+02,-0.123214744000000E+03
0.455506200000000E+02,-0.123216749000000E+03
0.455554600000000E+02,-0.123219196000000E+03
0.455571730000000E+02,-0.123218217000000E+03
0.455633010000000E+02,-0.123222539000000E+03
0.455655080000000E+02,-0.123223461000000E+03
0.455687970000000E+02,-0.123223235000000E+03
0.455698010000000E+02,-0.123219016000000E+03
0.455727270000000E+02,-0.123218036000000E+03
0.455741450000000E+02,-0.123218446000000E+03
0.455741450000000E+02,-0.123218446000000E+03
0.455737110000000E+02,-0.123213430000000E+03
0.455757000000000E+02,-0.123213561000000E+03
0.455764320000000E+02,-0.123214180000000E+03
0.455791520000000E+02,-0.123214734000000E+03
0.455809130000000E+02,-0.123214475000000E+03
0.455835880000000E+02,-0.123212718000000E+03
0.455866980000000E+02,-0.123208616000000E+03
0.455896250000000E+02,-0.123207250000000E+03
0.455920250000000E+02,-0.123208065000000E+03
0.455942430000000E+02,-0.123210312000000E+03
0.455971680000000E+02,-0.123216436000000E+03
0.456003220000000E+02,-0.123218457000000E+03
0.456017160000000E+02,-0.123221910000000E+03
0.456083650000000E+02,-0.123232469000000E+03
0.456077460000000E+02,-0.123237745000000E+03
0.456107790000000E+02,-0.123241974000000E+03
0.456094600000000E+02,-0.123238756000000E+03
0.456090960000000E+02,-0.123235010000000E+03
0.456099430000000E+02,-0.123231786000000E+03
0.456120640000000E+02,-0.123229340000000E+03
0.456206890000000E+02,-0.123230882000000E+03
0.456237060000000E+02,-0.123233719000000E+03
0.456251990000000E+02,-0.123237597000000E+03
0.456264800000000E+02,-0.123238347000000E+03
0.456295890000000E+02,-0.123238839000000E+03
0.456332700000000E+02,-0.123238223000000E+03
0.456354440000000E+02,-0.123236693000000E+03
0.456367930000000E+02,-0.123235195000000E+03
0.456387610000000E+02,-0.123230341000000E+03
0.456405900000000E+02,-0.123229560000000E+03
0.456441120000000E+02,-0.123226890000000E+03
0.456434520000000E+02,-0.123217209000000E+03
0.456434520000000E+02,-0.123217209000000E+03
0.456341500000000E+02,-0.123201366000000E+03
0.456321840000000E+02,-0.123201300000000E+03
0.456263080000000E+02,-0.123196574000000E+03
0.456267200000000E+02,-0.123193935000000E+03
0.456217710000000E+02,-0.123191231000000E+03
0.456207650000000E+02,-0.123191133000000E+03
0.456162160000000E+02,-0.123186605000000E+03
0.456150500000000E+02,-0.123182271000000E+03
0.456140420000000E+02,-0.123167644000000E+03
0.456116870000000E+02,-0.123161228000000E+03
0.456112290000000E+02,-0.123158264000000E+03
0.456109250000000E+02,-0.123136692000000E+03
0.456099630000000E+02,-0.123136211000000E+03
0.456056200000000E+02,-0.123137518000000E+03
0.456033340000000E+02,-0.123139214000000E+03
0.456026030000000E+02,-0.123137947000000E+03
0.456028910000000E+02,-0.123124836000000E+03
0.456042680000000E+02,-0.123124693000000E+03
0.456066230000000E+02,-0.123125466000000E+03
0.456077870000000E+02,-0.123127972000000E+03
0.456104620000000E+02,-0.123128458000000E+03
0.456092430000000E+02,-0.123114356000000E+03
0.456071950000000E+02,-0.123114340000000E+03
0.456071150000000E+02,-0.123100883000000E+03
0.455971160000000E+02,-0.123087619000000E+03
0.455945560000000E+02,-0.123082243000000E+03
END
