0.462620660000000E+02,-0.123495991000000E+03
0.462637780000000E+02,-0.123499288000000E+03
0.462649900000000E+02,-0.123500016000000E+03
0.462652440000000E+02,-0.123494247000000E+03
0.462641050000000E+02,-0.123485677000000E+03
0.462614330000000E+02,-0.123479676000000E+03
0.462603090000000E+02,-0.123487684000000E+03
0.462603060000000E+02,-0.123494868000000E+03
0.462606480000000E+02,-0.123495890000000E+03
0.462620660000000E+02,-0.123495991000000E+03
END
0.462572010000000E+02,-0.123488274000000E+03
0.462581830000000E+02,-0.123488308000000E+03
0.462596020000000E+02,-0.123485706000000E+03
0.462581420000000E+02,-0.123475422000000E+03
0.462562700000000E+02,-0.123470510000000E+03
0.462516320000000E+02,-0.123462730000000E+03
0.462483830000000E+02,-0.123458512000000E+03
0.462470790000000E+02,-0.123462531000000E+03
0.462517860000000E+02,-0.123481316000000E+03
0.462557150000000E+02,-0.123488305000000E+03
0.462567890000000E+02,-0.123489164000000E+03
0.462572010000000E+02,-0.123488274000000E+03
END
0.462508700000000E+02,-0.123515339000000E+03
0.462512820000000E+02,-0.123519787000000E+03
0.462519690000000E+02,-0.123521698000000E+03
0.462526090000000E+02,-0.123522093000000E+03
0.462537740000000E+02,-0.123519851000000E+03
0.462544820000000E+02,-0.123516852000000E+03
0.462543430000000E+02,-0.123513194000000E+03
0.462531540000000E+02,-0.123510955000000E+03
0.462527430000000E+02,-0.123511021000000E+03
0.462508700000000E+02,-0.123515339000000E+03
END
0.462498320000000E+02,-0.123484775000000E+03
0.462515100000000E+02,-0.123485665000000E+03
0.462528140000000E+02,-0.123484908000000E+03
0.462513520000000E+02,-0.123482172000000E+03
0.462494040000000E+02,-0.123475549000000E+03
0.462465310000000E+02,-0.123461773000000E+03
0.462476060000000E+02,-0.123457556000000E+03
0.462455720000000E+02,-0.123453800000000E+03
0.462438350000000E+02,-0.123452382000000E+03
0.462406560000000E+02,-0.123461837000000E+03
0.462385960000000E+02,-0.123470269000000E+03
0.462384580000000E+02,-0.123473300000000E+03
0.462431650000000E+02,-0.123481277000000E+03
0.462498320000000E+02,-0.123484775000000E+03
END
0.462515720000000E+02,-0.123501638000000E+03
0.462487120000000E+02,-0.123498481000000E+03
0.462388400000000E+02,-0.123490564000000E+03
0.462378800000000E+02,-0.123490464000000E+03
0.462394990000000E+02,-0.123499920000000E+03
0.462408030000000E+02,-0.123504773000000E+03
0.462438700000000E+02,-0.123512711000000E+03
0.462437130000000E+02,-0.123518246000000E+03
0.462458620000000E+02,-0.123523252000000E+03
0.462465020000000E+02,-0.123523120000000E+03
0.462471880000000E+02,-0.123520484000000E+03
0.462470940000000E+02,-0.123513696000000E+03
0.462463160000000E+02,-0.123511786000000E+03
0.462459250000000E+02,-0.123506151000000E+03
0.462462880000000E+02,-0.123501243000000E+03
0.462495110000000E+02,-0.123501243000000E+03
0.462520990000000E+02,-0.123504332000000E+03
0.462515720000000E+02,-0.123501638000000E+03
END
0.462487024111150E+02,-0.123548171474692E+03
0.462498310000000E+02,-0.123546232000000E+03
0.462506260000000E+02,-0.123541470000000E+03
0.462481050000000E+02,-0.123530697000000E+03
0.462467790000000E+02,-0.123532741000000E+03
0.462434210000000E+02,-0.123543616000000E+03
0.462429190000000E+02,-0.123547075000000E+03
0.462445880000000E+02,-0.123554158000000E+03
0.462450250583130E+02,-0.123554441419910E+03
0.462450250583130E+02,-0.123554441419910E+03
0.462482450000000E+02,-0.123548194000000E+03
0.462487024111150E+02,-0.123548171474692E+03
END
0.462436784027820E+02,-0.123557054238214E+03
0.462417080000000E+02,-0.123551918000000E+03
0.462420740000000E+02,-0.123550172000000E+03
0.462417990000000E+02,-0.123548525000000E+03
0.462407020000000E+02,-0.123546285000000E+03
0.462396040000000E+02,-0.123545890000000E+03
0.462375700000000E+02,-0.123547143000000E+03
0.462354670000000E+02,-0.123549844000000E+03
0.462319470000000E+02,-0.123552843000000E+03
0.462272380000000E+02,-0.123553436000000E+03
0.462261640000000E+02,-0.123554062000000E+03
0.462243120000000E+02,-0.123557619000000E+03
0.462233980000000E+02,-0.123562197000000E+03
0.462238550000000E+02,-0.123564371000000E+03
0.462269870000000E+02,-0.123568027000000E+03
0.462293410000000E+02,-0.123567006000000E+03
0.462296390000000E+02,-0.123566216000000E+03
0.462289760000000E+02,-0.123563251000000E+03
0.462292500000000E+02,-0.123560550000000E+03
0.462340960000000E+02,-0.123574650000000E+03
0.462357791077776E+02,-0.123572380668841E+03
0.462357791077776E+02,-0.123572380668841E+03
0.462436784027820E+02,-0.123557054238214E+03
END
0.462428250000000E+02,-0.123533501000000E+03
0.462423660000000E+02,-0.123524276000000E+03
0.462407180000000E+02,-0.123519698000000E+03
0.462384310000000E+02,-0.123515417000000E+03
0.462375860000000E+02,-0.123517592000000E+03
0.462375410000000E+02,-0.123519569000000E+03
0.462381150000000E+02,-0.123525794000000E+03
0.462389830000000E+02,-0.123529681000000E+03
0.462386210000000E+02,-0.123541509000000E+03
0.462412950000000E+02,-0.123542595000000E+03
0.462431920000000E+02,-0.123538278000000E+03
0.462433280000000E+02,-0.123536070000000E+03
0.462428250000000E+02,-0.123533501000000E+03
END
0.462387580000000E+02,-0.123463351000000E+03
0.462418000000000E+02,-0.123455742000000E+03
0.462421660000000E+02,-0.123451361000000E+03
0.462391270000000E+02,-0.123444078000000E+03
0.462351950000000E+02,-0.123439203000000E+03
0.462326580000000E+02,-0.123437325000000E+03
0.462259820000000E+02,-0.123434163000000E+03
0.462244510000000E+02,-0.123434163000000E+03
0.462206560000000E+02,-0.123435382000000E+03
0.462168840000000E+02,-0.123437226000000E+03
0.462112610000000E+02,-0.123437193000000E+03
0.462093860000000E+02,-0.123438049000000E+03
0.462089520000000E+02,-0.123439662000000E+03
0.462133400000000E+02,-0.123452011000000E+03
0.462175450000000E+02,-0.123459553000000E+03
0.462202400000000E+02,-0.123468974000000E+03
0.462227540000000E+02,-0.123473224000000E+03
0.462318730000000E+02,-0.123479060000000E+03
0.462339990000000E+02,-0.123478963000000E+03
0.462370640000000E+02,-0.123472113000000E+03
0.462387580000000E+02,-0.123463351000000E+03
END
0.462392968272307E+02,-0.123605838296072E+03
0.462388200000000E+02,-0.123605454000000E+03
0.462312940000000E+02,-0.123617339000000E+03
0.462303780000000E+02,-0.123621949000000E+03
0.462304440000000E+02,-0.123623991000000E+03
0.462334200000000E+02,-0.123618296000000E+03
0.462354530000000E+02,-0.123619517000000E+03
0.462350399290898E+02,-0.123624201463583E+03
0.462350399290898E+02,-0.123624201463583E+03
0.462366280728959E+02,-0.123622822357214E+03
0.462366400000000E+02,-0.123622812000000E+03
0.462366613880894E+02,-0.123622734703709E+03
0.462385190617264E+02,-0.123616021094155E+03
0.462392280000000E+02,-0.123613459000000E+03
0.462392968272307E+02,-0.123605838296072E+03
END
0.462305081391668E+02,-0.123582607547911E+03
0.462307120000000E+02,-0.123580809000000E+03
0.462331350000000E+02,-0.123577021000000E+03
0.462337300000000E+02,-0.123575934000000E+03
0.462315130000000E+02,-0.123569246000000E+03
0.462309640000000E+02,-0.123568917000000E+03
0.462281530000000E+02,-0.123570497000000E+03
0.462286080000000E+02,-0.123586242000000E+03
0.462287165272366E+02,-0.123586083682926E+03
0.462287165272366E+02,-0.123586083682926E+03
0.462305081391668E+02,-0.123582607547911E+03
END
0.462248610000000E+02,-0.123570596000000E+03
0.462239010000000E+02,-0.123567368000000E+03
0.462224380000000E+02,-0.123565359000000E+03
0.462192150000000E+02,-0.123566446000000E+03
0.462135450000000E+02,-0.123575698000000E+03
0.462092910000000E+02,-0.123585081000000E+03
0.462093590000000E+02,-0.123589164000000E+03
0.462120760000000E+02,-0.123601580000000E+03
0.462128300000000E+02,-0.123602930000000E+03
0.462145680000000E+02,-0.123600495000000E+03
0.462177930000000E+02,-0.123593022000000E+03
0.462202860000000E+02,-0.123588906000000E+03
0.462196220000000E+02,-0.123592100000000E+03
0.462125770000000E+02,-0.123605828000000E+03
0.462141940000000E+02,-0.123620417000000E+03
0.462169630000000E+02,-0.123614195000000E+03
0.462170090000000E+02,-0.123612252000000E+03
0.462176730000000E+02,-0.123611035000000E+03
0.462230710000000E+02,-0.123601423000000E+03
0.462237570000000E+02,-0.123601258000000E+03
0.462243290000000E+02,-0.123601819000000E+03
0.462246720000000E+02,-0.123601358000000E+03
0.462265710000000E+02,-0.123594739000000E+03
0.462255440000000E+02,-0.123586603000000E+03
0.462262310000000E+02,-0.123578996000000E+03
0.462261410000000E+02,-0.123573560000000E+03
0.462257290000000E+02,-0.123571321000000E+03
0.462248610000000E+02,-0.123570596000000E+03
END
0.462181968003840E+02,-0.123665355492767E+03
0.462166270000000E+02,-0.123661845000000E+03
0.462159870000000E+02,-0.123661351000000E+03
0.462145480000000E+02,-0.123664941000000E+03
0.462144120000000E+02,-0.123673371000000E+03
0.462152910000000E+02,-0.123673831000000E+03
0.462159320993698E+02,-0.123672535689132E+03
0.462159320993698E+02,-0.123672535689132E+03
0.462179414571808E+02,-0.123667472965537E+03
0.462182280000000E+02,-0.123666751000000E+03
0.462182144433209E+02,-0.123666144632158E+03
0.462181968003840E+02,-0.123665355492767E+03
END
0.462144410597518E+02,-0.123636333558375E+03
0.462137600000000E+02,-0.123630926000000E+03
0.462132790000000E+02,-0.123630037000000E+03
0.462112000000000E+02,-0.123632048000000E+03
0.462070210000000E+02,-0.123642686000000E+03
0.462066800000000E+02,-0.123650391000000E+03
0.462102000000000E+02,-0.123647458000000E+03
0.462146290000000E+02,-0.123642767000000E+03
0.462149750000000E+02,-0.123640573000000E+03
0.462146515410347E+02,-0.123638004762438E+03
0.462146515410347E+02,-0.123638004762438E+03
0.462143590000000E+02,-0.123636474000000E+03
0.462144410597518E+02,-0.123636333558375E+03
END
0.462091750000000E+02,-0.123662605000000E+03
0.462095870000000E+02,-0.123662869000000E+03
0.462121240000000E+02,-0.123660135000000E+03
0.462126030000000E+02,-0.123658126000000E+03
0.462137138641602E+02,-0.123658979873633E+03
0.462136598641602E+02,-0.123660639473633E+03
0.462130700641602E+02,-0.123661864673633E+03
0.462142220641602E+02,-0.123661469273633E+03
0.462148660000000E+02,-0.123657203000000E+03
0.462147950000000E+02,-0.123650716000000E+03
0.462119170000000E+02,-0.123657336000000E+03
0.462097690000000E+02,-0.123660597000000E+03
0.462091750000000E+02,-0.123662605000000E+03
END
0.462093140000000E+02,-0.123671067000000E+03
0.462109370000000E+02,-0.123672680000000E+03
0.462131320000000E+02,-0.123673569000000E+03
0.462141830000000E+02,-0.123669090000000E+03
0.462139080000000E+02,-0.123664612000000E+03
0.462110960000000E+02,-0.123665173000000E+03
0.462109140000000E+02,-0.123667346000000E+03
0.462093140000000E+02,-0.123671067000000E+03
END
0.462086670000000E+02,-0.123611366000000E+03
0.462059210000000E+02,-0.123615601000000E+03
0.462051890000000E+02,-0.123617575000000E+03
0.462053700000000E+02,-0.123621329000000E+03
0.462068310000000E+02,-0.123624130000000E+03
0.462075400000000E+02,-0.123623768000000E+03
0.462082730000000E+02,-0.123621233000000E+03
0.462086670000000E+02,-0.123611366000000E+03
END
0.462079440000000E+02,-0.123610131000000E+03
0.462082360000000E+02,-0.123600161000000E+03
0.462061810000000E+02,-0.123592356000000E+03
0.462046270000000E+02,-0.123588832000000E+03
0.461981810000000E+02,-0.123588796000000E+03
0.461892650000000E+02,-0.123591063000000E+03
0.461878020000000E+02,-0.123592280000000E+03
0.461865440000000E+02,-0.123594518000000E+03
0.461867030000000E+02,-0.123596690000000E+03
0.461931890000000E+02,-0.123615095000000E+03
0.461957900000000E+02,-0.123623952000000E+03
0.461965010000000E+02,-0.123618686000000E+03
0.461972800000000E+02,-0.123616251000000E+03
0.461995220000000E+02,-0.123612731000000E+03
0.461999100000000E+02,-0.123613422000000E+03
0.461997720000000E+02,-0.123615200000000E+03
0.461987880000000E+02,-0.123617240000000E+03
0.461980800000000E+02,-0.123616647000000E+03
0.461969350000000E+02,-0.123620102000000E+03
0.461967510000000E+02,-0.123623262000000E+03
0.461977330000000E+02,-0.123626246000000E+03
0.462031510000000E+02,-0.123623038000000E+03
0.462048690000000E+02,-0.123616587000000E+03
0.462079440000000E+02,-0.123610131000000E+03
END
0.462011900000000E+02,-0.123638115000000E+03
0.462006910000000E+02,-0.123646017000000E+03
0.462013770000000E+02,-0.123647070000000E+03
0.462023810000000E+02,-0.123642756000000E+03
0.462027920000000E+02,-0.123642064000000E+03
0.462036840000000E+02,-0.123642327000000E+03
0.462039810000000E+02,-0.123641734000000E+03
0.462040690000000E+02,-0.123635413000000E+03
0.462044120000000E+02,-0.123634787000000E+03
0.462047780000000E+02,-0.123634886000000E+03
0.462048250000000E+02,-0.123637849000000E+03
0.462044610000000E+02,-0.123641438000000E+03
0.462052140000000E+02,-0.123640153000000E+03
0.462056000000000E+02,-0.123634128000000E+03
0.462051200000000E+02,-0.123633799000000E+03
0.462023770000000E+02,-0.123634493000000E+03
0.461990630000000E+02,-0.123636076000000E+03
0.461889170000000E+02,-0.123643853000000E+03
0.461874320000000E+02,-0.123645336000000E+03
0.461851930000000E+02,-0.123649813000000E+03
0.461843950000000E+02,-0.123656034000000E+03
0.461856760000000E+02,-0.123659522000000E+03
0.461871590000000E+02,-0.123649417000000E+03
0.461879810000000E+02,-0.123647507000000E+03
0.461891250000000E+02,-0.123648988000000E+03
0.461880290000000E+02,-0.123655275000000E+03
0.461884660000000E+02,-0.123664424000000E+03
0.461893110000000E+02,-0.123666234000000E+03
0.461913690000000E+02,-0.123668407000000E+03
0.461944070000000E+02,-0.123659451000000E+03
0.461933780000000E+02,-0.123654054000000E+03
0.461952300000000E+02,-0.123653526000000E+03
0.461968060000000E+02,-0.123650727000000E+03
0.462004420000000E+02,-0.123657078000000E+03
0.462017210000000E+02,-0.123654147000000E+03
0.462012630000000E+02,-0.123649144000000E+03
0.462003480000000E+02,-0.123646807000000E+03
0.462000040000000E+02,-0.123643811000000E+03
0.462001170000000E+02,-0.123639960000000E+03
0.462008240000000E+02,-0.123638017000000E+03
0.462011900000000E+02,-0.123638115000000E+03
END
0.462027720000000E+02,-0.123653883000000E+03
0.462015620000000E+02,-0.123657638000000E+03
0.462033920000000E+02,-0.123662575000000E+03
0.462035980000000E+02,-0.123666131000000E+03
0.462050370000000E+02,-0.123661455000000E+03
0.462055150000000E+02,-0.123653421000000E+03
0.462037320000000E+02,-0.123648121000000E+03
0.462032720000000E+02,-0.123642986000000E+03
0.462028610000000E+02,-0.123643184000000E+03
0.462024730000000E+02,-0.123644929000000E+03
0.462019710000000E+02,-0.123650756000000E+03
0.462027720000000E+02,-0.123653883000000E+03
END
0.462023903024842E+02,-0.123742730065690E+03
0.461979410000000E+02,-0.123743427000000E+03
0.461976200000000E+02,-0.123744283000000E+03
0.462006130000000E+02,-0.123748402000000E+03
0.462031480000000E+02,-0.123750446000000E+03
0.462041540000000E+02,-0.123750513000000E+03
0.462042819333934E+02,-0.123749374658823E+03
0.462042819333934E+02,-0.123749374658823E+03
0.462023903024842E+02,-0.123742730065690E+03
END
0.462019060000000E+02,-0.123662345000000E+03
0.461973320000000E+02,-0.123652372000000E+03
0.461967840000000E+02,-0.123652340000000E+03
0.461955730000000E+02,-0.123654052000000E+03
0.461966480000000E+02,-0.123659911000000E+03
0.461972880000000E+02,-0.123659351000000E+03
0.461976760000000E+02,-0.123659548000000E+03
0.461971750000000E+02,-0.123669030000000E+03
0.461992790000000E+02,-0.123675021000000E+03
0.462013810000000E+02,-0.123668568000000E+03
0.462019060000000E+02,-0.123662345000000E+03
END
0.462003782171095E+02,-0.123732924376273E+03
0.461879830000000E+02,-0.123718798000000E+03
0.461822230000000E+02,-0.123718762000000E+03
0.461804850000000E+02,-0.123719649000000E+03
0.461789300000000E+02,-0.123722478000000E+03
0.461784940000000E+02,-0.123725637000000E+03
0.461786530000000E+02,-0.123730475000000E+03
0.461797260000000E+02,-0.123732483000000E+03
0.461827660000000E+02,-0.123734198000000E+03
0.461839550000000E+02,-0.123733968000000E+03
0.461854890000000E+02,-0.123727814000000E+03
0.461869760000000E+02,-0.123724458000000E+03
0.461883700000000E+02,-0.123723834000000E+03
0.461928730000000E+02,-0.123726372000000E+03
0.461950440000000E+02,-0.123728283000000E+03
0.461955460000000E+02,-0.123729501000000E+03
0.461947680000000E+02,-0.123731508000000E+03
0.461949960000000E+02,-0.123732727000000E+03
0.461984010000000E+02,-0.123735857000000E+03
0.462006870000000E+02,-0.123736747000000E+03
0.462006870000000E+02,-0.123736747000000E+03
0.462003782171095E+02,-0.123732924376273E+03
END
0.461998892515606E+02,-0.123706116108152E+03
0.461990500000000E+02,-0.123701785000000E+03
0.461933140000000E+02,-0.123691019000000E+03
0.461966490000000E+02,-0.123707644000000E+03
0.461981110000000E+02,-0.123712253000000E+03
0.461987510000000E+02,-0.123712780000000E+03
0.461987510000000E+02,-0.123712780000000E+03
0.461996650000000E+02,-0.123706667000000E+03
0.461998892515606E+02,-0.123706116108152E+03
END
0.461927170000000E+02,-0.123667978000000E+03
0.461942040000000E+02,-0.123670710000000E+03
0.461973590000000E+02,-0.123674034000000E+03
0.461958030000000E+02,-0.123667681000000E+03
0.461959390000000E+02,-0.123661195000000E+03
0.461952080000000E+02,-0.123661195000000E+03
0.461938370000000E+02,-0.123663534000000E+03
0.461927170000000E+02,-0.123667978000000E+03
END
0.461936180000000E+02,-0.123626246000000E+03
0.461930030000000E+02,-0.123620954000000E+03
0.461901720000000E+02,-0.123612985000000E+03
0.461897380000000E+02,-0.123612722000000E+03
0.461863260000000E+02,-0.123624501000000E+03
0.461867180000000E+02,-0.123634342000000E+03
0.461872670000000E+02,-0.123634605000000E+03
0.461930720000000E+02,-0.123631341000000E+03
0.461936650000000E+02,-0.123628773000000E+03
0.461936180000000E+02,-0.123626246000000E+03
END
0.461877670000000E+02,-0.123693157000000E+03
0.461871640000000E+02,-0.123687398000000E+03
0.461861580000000E+02,-0.123683219000000E+03
0.461844890000000E+02,-0.123679599000000E+03
0.461807410000000E+02,-0.123673543000000E+03
0.461773580000000E+02,-0.123685852000000E+03
0.461765120000000E+02,-0.123695691000000E+03
0.461779060000000E+02,-0.123696250000000E+03
0.461794600000000E+02,-0.123696053000000E+03
0.461804660000000E+02,-0.123691841000000E+03
0.461806490000000E+02,-0.123688912000000E+03
0.461829810000000E+02,-0.123681903000000E+03
0.461839870000000E+02,-0.123682100000000E+03
0.461845350000000E+02,-0.123682890000000E+03
0.461852670000000E+02,-0.123686279000000E+03
0.461851760000000E+02,-0.123688879000000E+03
0.461870500000000E+02,-0.123695363000000E+03
0.461874160000000E+02,-0.123695594000000E+03
0.461876670000000E+02,-0.123695034000000E+03
0.461877670000000E+02,-0.123693157000000E+03
END
0.461824880000000E+02,-0.123639815000000E+03
0.461828560000000E+02,-0.123636782000000E+03
0.461829000000000E+02,-0.123632997000000E+03
0.461821450000000E+02,-0.123632043000000E+03
0.461816420000000E+02,-0.123632044000000E+03
0.461813230000000E+02,-0.123632406000000E+03
0.461795880000000E+02,-0.123637871000000E+03
0.461744270000000E+02,-0.123651400000000E+03
0.461720050000000E+02,-0.123655613000000E+03
0.461719140000000E+02,-0.123657324000000E+03
0.461729440000000E+02,-0.123665319000000E+03
0.461737680000000E+02,-0.123667096000000E+03
0.461745450000000E+02,-0.123667885000000E+03
0.461760540000000E+02,-0.123668740000000E+03
0.461782020000000E+02,-0.123665087000000E+03
0.461784990000000E+02,-0.123664132000000E+03
0.461793440000000E+02,-0.123658505000000E+03
0.461801400000000E+02,-0.123648073000000E+03
0.461824880000000E+02,-0.123639815000000E+03
END
0.461780190000000E+02,-0.123703885000000E+03
0.461750940000000E+02,-0.123694638000000E+03
0.461737230000000E+02,-0.123691742000000E+03
0.461734710000000E+02,-0.123691906000000E+03
0.461731050000000E+02,-0.123700231000000E+03
0.461738800000000E+02,-0.123714019000000E+03
0.461762780000000E+02,-0.123721128000000E+03
0.461751370000000E+02,-0.123714809000000E+03
0.461770590000000E+02,-0.123704641000000E+03
0.461778140000000E+02,-0.123705102000000E+03
0.461784300000000E+02,-0.123706913000000E+03
0.461789110000000E+02,-0.123706157000000E+03
0.461788650000000E+02,-0.123704477000000E+03
0.461780190000000E+02,-0.123703885000000E+03
END
0.461145350000000E+02,-0.123803463000000E+03
0.461136440000000E+02,-0.123801886000000E+03
0.461134150000000E+02,-0.123802477000000E+03
0.461141930000000E+02,-0.123807013000000E+03
0.461155870000000E+02,-0.123810070000000E+03
0.461182390000000E+02,-0.123811088000000E+03
0.461220560000000E+02,-0.123811351000000E+03
0.461206850000000E+02,-0.123809083000000E+03
0.461145350000000E+02,-0.123803463000000E+03
END
0.462071450087779E+02,-0.123760453761814E+03
0.462069700000000E+02,-0.123760580000000E+03
0.462053480000000E+02,-0.123762622000000E+03
0.462028800000000E+02,-0.123764271000000E+03
0.462006400000000E+02,-0.123763318000000E+03
0.461995870000000E+02,-0.123761870000000E+03
0.461947170000000E+02,-0.123759735000000E+03
0.461931400000000E+02,-0.123759638000000E+03
0.461912640000000E+02,-0.123754241000000E+03
0.461920180000000E+02,-0.123752924000000E+03
0.461918100000000E+02,-0.123750695000000E+03
0.461898690000000E+02,-0.123748192000000E+03
0.461835160000000E+02,-0.123743215000000E+03
0.461812310000000E+02,-0.123742917000000E+03
0.461809100000000E+02,-0.123743377000000E+03
0.461831930000000E+02,-0.123749567000000E+03
0.461782800000000E+02,-0.123746567000000E+03
0.461769760000000E+02,-0.123747947000000E+03
0.461757870000000E+02,-0.123751823000000E+03
0.461742790000000E+02,-0.123753107000000E+03
0.461697530000000E+02,-0.123752948000000E+03
0.461673070000000E+02,-0.123753872000000E+03
0.461645180000000E+02,-0.123753052000000E+03
0.461639920000000E+02,-0.123747636000000E+03
0.461645880000000E+02,-0.123743985000000E+03
0.461607720000000E+02,-0.123741547000000E+03
0.461583020000000E+02,-0.123743716000000E+03
0.461578450000000E+02,-0.123743518000000E+03
0.461576860000000E+02,-0.123742399000000E+03
0.461583960000000E+02,-0.123737893000000E+03
0.461605930000000E+02,-0.123732731000000E+03
0.461621050000000E+02,-0.123722600000000E+03
0.461620600000000E+02,-0.123720197000000E+03
0.461617630000000E+02,-0.123719967000000E+03
0.461613510000000E+02,-0.123720394000000E+03
0.461605270000000E+02,-0.123723750000000E+03
0.461570290000000E+02,-0.123726050000000E+03
0.461552920000000E+02,-0.123726213000000E+03
0.461539670000000E+02,-0.123724403000000E+03
0.461533960000000E+02,-0.123721475000000E+03
0.461547450000000E+02,-0.123720357000000E+03
0.461561840000000E+02,-0.123725193000000E+03
0.461567320000000E+02,-0.123725524000000E+03
0.461595220000000E+02,-0.123723848000000E+03
0.461616030000000E+02,-0.123719374000000E+03
0.461621520000000E+02,-0.123719210000000E+03
0.461623570000000E+02,-0.123719605000000E+03
0.461622870000000E+02,-0.123725758000000E+03
0.461612560000000E+02,-0.123732896000000E+03
0.461587850000000E+02,-0.123738519000000E+03
0.461583030000000E+02,-0.123742235000000E+03
0.461586000000000E+02,-0.123742630000000E+03
0.461600180000000E+02,-0.123741119000000E+03
0.461610700000000E+02,-0.123740922000000E+03
0.461631040000000E+02,-0.123741747000000E+03
0.461648860000000E+02,-0.123743130000000E+03
0.461652060000000E+02,-0.123744117000000E+03
0.461646550000000E+02,-0.123747407000000E+03
0.461647790000000E+02,-0.123751250000000E+03
0.461653410000000E+02,-0.123752755000000E+03
0.461678320000000E+02,-0.123752851000000E+03
0.461694780000000E+02,-0.123751961000000E+03
0.461742100000000E+02,-0.123752120000000E+03
0.461748950000000E+02,-0.123751721000000E+03
0.461758330000000E+02,-0.123747880000000E+03
0.461815060000000E+02,-0.123739692000000E+03
0.461731430000000E+02,-0.123731918000000E+03
0.461721380000000E+02,-0.123730141000000E+03
0.461702650000000E+02,-0.123724348000000E+03
0.461706560000000E+02,-0.123718459000000E+03
0.461704050000000E+02,-0.123713886000000E+03
0.461712520000000E+02,-0.123708489000000E+03
0.461701120000000E+02,-0.123689570000000E+03
0.461712320000000E+02,-0.123686412000000E+03
0.461747750000000E+02,-0.123680620000000E+03
0.461763520000000E+02,-0.123672064000000E+03
0.461757110000000E+02,-0.123670287000000E+03
0.461728530000000E+02,-0.123667952000000E+03
0.461717560000000E+02,-0.123665451000000E+03
0.461721200000000E+02,-0.123660351000000E+03
0.461716390000000E+02,-0.123655317000000E+03
0.461759780000000E+02,-0.123641559000000E+03
0.461802710000000E+02,-0.123633197000000E+03
0.461823710000000E+02,-0.123626246000000E+03
0.461843590000000E+02,-0.123625519000000E+03
0.461850250000000E+02,-0.123621143000000E+03
0.461868340000000E+02,-0.123614562000000E+03
0.461878660000000E+02,-0.123605972000000E+03
0.461869080000000E+02,-0.123601363000000E+03
0.461850800000000E+02,-0.123598170000000E+03
0.461845780000000E+02,-0.123595537000000E+03
0.461860190000000E+02,-0.123590732000000E+03
0.461879400000000E+02,-0.123588002000000E+03
0.461889230000000E+02,-0.123587410000000E+03
0.461896540000000E+02,-0.123587574000000E+03
0.461946610000000E+02,-0.123586063000000E+03
0.461981360000000E+02,-0.123584352000000E+03
0.461998970000000E+02,-0.123582246000000E+03
0.462024810000000E+02,-0.123576815000000E+03
0.462014300000000E+02,-0.123571646000000E+03
0.462021610000000E+02,-0.123561012000000E+03
0.462017260000000E+02,-0.123539843000000E+03
0.461991410000000E+02,-0.123535268000000E+03
0.461978600000000E+02,-0.123531482000000E+03
0.462009240000000E+02,-0.123532501000000E+03
0.462003300000000E+02,-0.123535497000000E+03
0.462021370000000E+02,-0.123539250000000E+03
0.462030980000000E+02,-0.123552485000000E+03
0.462030990000000E+02,-0.123565160000000E+03
0.462077160000000E+02,-0.123561308000000E+03
0.462068480000000E+02,-0.123563119000000E+03
0.462037390000000E+02,-0.123566213000000E+03
0.462030300000000E+02,-0.123567597000000E+03
0.462033500000000E+02,-0.123572667000000E+03
0.462042180000000E+02,-0.123573128000000E+03
0.462024110000000E+02,-0.123583695000000E+03
0.462028910000000E+02,-0.123584650000000E+03
0.462039200000000E+02,-0.123584354000000E+03
0.462061370000000E+02,-0.123581557000000E+03
0.462112360000000E+02,-0.123572273000000E+03
0.462177520000000E+02,-0.123563317000000E+03
0.462259570000000E+02,-0.123543193000000E+03
0.462301850000000E+02,-0.123539864000000E+03
0.462339340000000E+02,-0.123539632000000E+03
0.462340940000000E+02,-0.123541707000000E+03
0.462332490000000E+02,-0.123543915000000E+03
0.462292490000000E+02,-0.123547144000000E+03
0.462295460000000E+02,-0.123549187000000E+03
0.462340260000000E+02,-0.123544640000000E+03
0.462356260000000E+02,-0.123540027000000E+03
0.462362650000000E+02,-0.123536963000000E+03
0.462354410000000E+02,-0.123527575000000E+03
0.462351860000000E+02,-0.123517297000000E+03
0.462357550000000E+02,-0.123513145000000E+03
0.462350860000000E+02,-0.123500706000000E+03
0.462344480000000E+02,-0.123497741000000E+03
0.462282600000000E+02,-0.123483175000000E+03
0.462267740000000E+02,-0.123481197000000E+03
0.462209010000000E+02,-0.123477307000000E+03
0.462164670000000E+02,-0.123472825000000E+03
0.462130860000000E+02,-0.123467356000000E+03
0.462107670000000E+02,-0.123461511000000E+03
0.462107670000000E+02,-0.123461511000000E+03
0.462094300000000E+02,-0.123460110000000E+03
0.462073500000000E+02,-0.123454677000000E+03
0.462067330000000E+02,-0.123453787000000E+03
0.462054530000000E+02,-0.123453458000000E+03
0.462018630000000E+02,-0.123460798000000E+03
0.461951860000000E+02,-0.123470078000000E+03
0.461953430000000E+02,-0.123479131000000E+03
0.461931000000000E+02,-0.123484792000000E+03
0.461917510000000E+02,-0.123487029000000E+03
0.461895550000000E+02,-0.123489232000000E+03
0.461856910000000E+02,-0.123491104000000E+03
0.461797200000000E+02,-0.123500149000000E+03
0.461770190000000E+02,-0.123502877000000E+03
0.461767030000000E+02,-0.123501242000000E+03
0.461773440000000E+02,-0.123497415000000E+03
0.461768880000000E+02,-0.123495241000000E+03
0.461712910000000E+02,-0.123487668000000E+03
0.461634060000000E+02,-0.123482956000000E+03
0.461611200000000E+02,-0.123482494000000E+03
0.461576670000000E+02,-0.123486735000000E+03
0.461560430000000E+02,-0.123487753000000E+03
0.461542720000000E+02,-0.123488014000000E+03
0.461542720000000E+02,-0.123488014000000E+03
0.461525460000000E+02,-0.123487454000000E+03
0.461501450000000E+02,-0.123487813000000E+03
0.461469900000000E+02,-0.123490080000000E+03
0.461448850000000E+02,-0.123493432000000E+03
0.461427810000000E+02,-0.123494417000000E+03
0.461405870000000E+02,-0.123494283000000E+03
0.461340960000000E+02,-0.123492106000000E+03
0.461275600000000E+02,-0.123487299000000E+03
0.461256850000000E+02,-0.123487330000000E+03
0.461198350000000E+02,-0.123481738000000E+03
0.461184400000000E+02,-0.123481014000000E+03
0.461167260000000E+02,-0.123481407000000E+03
0.461132750000000E+02,-0.123479201000000E+03
0.461117230000000E+02,-0.123471443000000E+03
0.461086840000000E+02,-0.123466281000000E+03
0.461047300000000E+02,-0.123461251000000E+03
0.461033810000000E+02,-0.123460264000000E+03
0.460983080000000E+02,-0.123459703000000E+03
0.460966840000000E+02,-0.123460556000000E+03
0.460927040000000E+02,-0.123469887000000E+03
0.460924290000000E+02,-0.123472581000000E+03
0.460887490000000E+02,-0.123472513000000E+03
0.460866460000000E+02,-0.123470146000000E+03
0.460849330000000E+02,-0.123463903000000E+03
0.460823290000000E+02,-0.123457791000000E+03
0.460813000000000E+02,-0.123457824000000E+03
0.460807510000000E+02,-0.123458349000000E+03
0.460801100000000E+02,-0.123462389000000E+03
0.460780750000000E+02,-0.123464786000000E+03
0.460730470000000E+02,-0.123457722000000E+03
0.460710820000000E+02,-0.123452204000000E+03
0.460706940000000E+02,-0.123448524000000E+03
0.460688880000000E+02,-0.123448228000000E+03
0.460688880000000E+02,-0.123448228000000E+03
0.460699390000000E+02,-0.123448754000000E+03
0.460695500000000E+02,-0.123451974000000E+03
0.460682470000000E+02,-0.123454272000000E+03
0.460665780000000E+02,-0.123455552000000E+03
0.460665780000000E+02,-0.123455552000000E+03
0.460678350000000E+02,-0.123457228000000E+03
0.460673550000000E+02,-0.123460183000000E+03
0.460655030000000E+02,-0.123460642000000E+03
0.460646790000000E+02,-0.123463269000000E+03
0.460685410000000E+02,-0.123471350000000E+03
0.460705730000000E+02,-0.123478971000000E+03
0.460708900000000E+02,-0.123485607000000E+03
0.460734710000000E+02,-0.123491981000000E+03
0.460759370000000E+02,-0.123496385000000E+03
0.460783370000000E+02,-0.123504088000000E+03
0.460825410000000E+02,-0.123509858000000E+03
0.460854960000000E+02,-0.123510816000000E+03
0.460906870000000E+02,-0.123515345000000E+03
0.460949630000000E+02,-0.123520105000000E+03
0.460958550000000E+02,-0.123522241000000E+03
0.460982550000000E+02,-0.123523694000000E+03
0.460981630000000E+02,-0.123568956000000E+03
0.460891600000000E+02,-0.123568701000000E+03
0.460881120000000E+02,-0.123570214000000E+03
0.460882950000000E+02,-0.123571036000000E+03
0.460904478431641E+02,-0.123570910871680E+03
0.460914040000000E+02,-0.123572482000000E+03
0.460904210000000E+02,-0.123575866000000E+03
0.460887520000000E+02,-0.123578395000000E+03
0.460855280000000E+02,-0.123581416000000E+03
0.460849110000000E+02,-0.123581252000000E+03
0.460843850000000E+02,-0.123579708000000E+03
0.460834850000000E+02,-0.123579215000000E+03
0.460832560000000E+02,-0.123610651000000E+03
0.460799190000000E+02,-0.123610651000000E+03
0.460781130000000E+02,-0.123610124000000E+03
0.460738580000000E+02,-0.123617609000000E+03
0.460725530000000E+02,-0.123621187000000E+03
0.460763700000000E+02,-0.123627912000000E+03
0.460768970000000E+02,-0.123631459000000E+03
0.460761890000000E+02,-0.123631591000000E+03
0.460742250000000E+02,-0.123636093000000E+03
0.460732460000000E+02,-0.123647623000000E+03
0.460709160000000E+02,-0.123651040000000E+03
0.460688840000000E+02,-0.123659186000000E+03
0.460674900000000E+02,-0.123661256000000E+03
0.460649070000000E+02,-0.123661848000000E+03
0.460642210000000E+02,-0.123662637000000E+03
0.460631700000000E+02,-0.123666151000000E+03
0.460625540000000E+02,-0.123670650000000E+03
0.460592860000000E+02,-0.123676838000000E+03
0.460537750000000E+02,-0.123669734000000E+03
0.460531110000000E+02,-0.123664415000000E+03
0.460534300000000E+02,-0.123659884000000E+03
0.460500920000000E+02,-0.123656569000000E+03
0.460492970000000E+02,-0.123656314000000E+03
0.460459330000000E+02,-0.123665926000000E+03
0.460459500000000E+02,-0.123667914000000E+03
0.460482270000000E+02,-0.123674801000000E+03
0.460484960000000E+02,-0.123689105000000E+03
0.460515360000000E+02,-0.123692125000000E+03
0.460530440000000E+02,-0.123707755000000E+03
0.460569960000000E+02,-0.123718624000000E+03
0.460582760000000E+02,-0.123719183000000E+03
0.460590760000000E+02,-0.123718231000000E+03
0.460598760000000E+02,-0.123718166000000E+03
0.460606990000000E+02,-0.123718889000000E+03
0.460610870000000E+02,-0.123720335000000E+03
0.460602180000000E+02,-0.123722961000000E+03
0.460572680000000E+02,-0.123726768000000E+03
0.460572670000000E+02,-0.123728344000000E+03
0.460607230000000E+02,-0.123732122000000E+03
0.460604880000000E+02,-0.123733964000000E+03
0.460597640000000E+02,-0.123735102000000E+03
0.460574010000000E+02,-0.123737046000000E+03
0.460587660000000E+02,-0.123751246000000E+03
0.460578570000000E+02,-0.123764298000000E+03
0.460584750000000E+02,-0.123765545000000E+03
0.460589320000000E+02,-0.123765544000000E+03
0.460599160000000E+02,-0.123766824000000E+03
0.460609470000000E+02,-0.123772110000000E+03
0.460592790000000E+02,-0.123775132000000E+03
0.460574420000000E+02,-0.123773504000000E+03
0.460561700000000E+02,-0.123775561000000E+03
0.460559880000000E+02,-0.123777925000000E+03
0.460566060000000E+02,-0.123781602000000E+03
0.460538180000000E+02,-0.123786496000000E+03
0.460575470000000E+02,-0.123798250000000E+03
0.460575700000000E+02,-0.123799399000000E+03
0.460548730000000E+02,-0.123807411000000E+03
0.460535470000000E+02,-0.123807608000000E+03
0.460508950000000E+02,-0.123806295000000E+03
0.460480610000000E+02,-0.123806295000000E+03
0.460460720000000E+02,-0.123807642000000E+03
0.460444030000000E+02,-0.123812369000000E+03
0.460449520000000E+02,-0.123817982000000E+03
0.460439920000000E+02,-0.123822053000000E+03
0.460430770000000E+02,-0.123821396000000E+03
0.460424140000000E+02,-0.123821921000000E+03
0.460411330000000E+02,-0.123829438000000E+03
0.460390530000000E+02,-0.123832522000000E+03
0.460371090000000E+02,-0.123832719000000E+03
0.460328630000000E+02,-0.123834143000000E+03
0.460292220000000E+02,-0.123838229000000E+03
0.460256320000000E+02,-0.123840558000000E+03
0.460278710000000E+02,-0.123846728000000E+03
0.460265210000000E+02,-0.123851486000000E+03
0.460222450000000E+02,-0.123854042000000E+03
0.460164610000000E+02,-0.123854268000000E+03
0.460131920000000E+02,-0.123856398000000E+03
0.460133060000000E+02,-0.123857317000000E+03
0.460159790000000E+02,-0.123860337000000E+03
0.460172100000000E+02,-0.123864899000000E+03
0.460172790000000E+02,-0.123866080000000E+03
0.460164540000000E+02,-0.123868573000000E+03
0.460203840000000E+02,-0.123872253000000E+03
0.460203840000000E+02,-0.123872253000000E+03
0.460205660000000E+02,-0.123875042000000E+03
0.460237790000000E+02,-0.123878526000000E+03
0.460242920000000E+02,-0.123875112000000E+03
0.460283400000000E+02,-0.123872064000000E+03
0.460326380000000E+02,-0.123870953000000E+03
0.460352210000000E+02,-0.123870988000000E+03
0.460378960000000E+02,-0.123869481000000E+03
0.460397070000000E+02,-0.123867147000000E+03
0.460466840000000E+02,-0.123867157000000E+03
0.460466840000000E+02,-0.123867157000000E+03
0.460646290000000E+02,-0.123867171000000E+03
0.460690510000000E+02,-0.123877633000000E+03
0.460704020000000E+02,-0.123882887000000E+03
0.460696490000000E+02,-0.123884826000000E+03
0.460830790000000E+02,-0.123891133000000E+03
0.460852870000000E+02,-0.123890691000000E+03
0.460878480000000E+02,-0.123891214000000E+03
0.460895170000000E+02,-0.123892660000000E+03
0.460899520000000E+02,-0.123894893000000E+03
0.460907070000000E+02,-0.123895484000000E+03
0.460998270000000E+02,-0.123895247000000E+03
0.461043530000000E+02,-0.123896755000000E+03
0.461055430000000E+02,-0.123898792000000E+03
0.461067770000000E+02,-0.123899613000000E+03
0.461097490000000E+02,-0.123898132000000E+03
0.461107760000000E+02,-0.123894056000000E+03
0.461076430000000E+02,-0.123891330000000E+03
0.461066830000000E+02,-0.123891298000000E+03
0.461064090000000E+02,-0.123890871000000E+03
0.461065000000000E+02,-0.123889984000000E+03
0.461093560000000E+02,-0.123887089000000E+03
0.461119630000000E+02,-0.123889585000000E+03
0.461153710000000E+02,-0.123895401000000E+03
0.461184810000000E+02,-0.123897239000000E+03
0.461223890000000E+02,-0.123897138000000E+03
0.461278580000000E+02,-0.123895783000000E+03
0.461284760000000E+02,-0.123896704000000E+03
0.461288200000000E+02,-0.123899465000000E+03
0.461338010000000E+02,-0.123899602000000E+03
0.461428510000000E+02,-0.123889984000000E+03
0.461436500000000E+02,-0.123887188000000E+03
0.461432020000000E+02,-0.123877536000000E+03
0.461452950000000E+02,-0.123868379000000E+03
0.461516720000000E+02,-0.123866673000000E+03
0.461525240000000E+02,-0.123864101000000E+03
0.461525240000000E+02,-0.123864101000000E+03
0.461469400000000E+02,-0.123867162000000E+03
0.461387090000000E+02,-0.123870310000000E+03
0.461362850000000E+02,-0.123872577000000E+03
0.461336100000000E+02,-0.123877136000000E+03
0.461317360000000E+02,-0.123878256000000E+03
0.461190650000000E+02,-0.123875766000000E+03
0.461176020000000E+02,-0.123874957000000E+03
0.461152730000000E+02,-0.123871799000000E+03
0.461167630000000E+02,-0.123863945000000E+03
0.461169010000000E+02,-0.123862170000000E+03
0.461162850000000E+02,-0.123860163000000E+03
0.461147990000000E+02,-0.123859866000000E+03
0.461106840000000E+02,-0.123861144000000E+03
0.461085580000000E+02,-0.123860255000000E+03
0.461053130000000E+02,-0.123857985000000E+03
0.461028920000000E+02,-0.123853711000000E+03
0.461020920000000E+02,-0.123853349000000E+03
0.461001710000000E+02,-0.123854399000000E+03
0.460995540000000E+02,-0.123854300000000E+03
0.460982970000000E+02,-0.123852525000000E+03
0.460980010000000E+02,-0.123851309000000E+03
0.461022750000000E+02,-0.123852527000000E+03
0.461032800000000E+02,-0.123853284000000E+03
0.461058620000000E+02,-0.123857460000000E+03
0.461091530000000E+02,-0.123859336000000E+03
0.461114160000000E+02,-0.123859732000000E+03
0.461149600000000E+02,-0.123858157000000E+03
0.461164680000000E+02,-0.123858816000000E+03
0.461174050000000E+02,-0.123860856000000E+03
0.461175640000000E+02,-0.123862696000000E+03
0.461167600000000E+02,-0.123870946000000E+03
0.461184260000000E+02,-0.123874202000000E+03
0.461197740000000E+02,-0.123874894000000E+03
0.461329000000000E+02,-0.123875774000000E+03
0.461370420000000E+02,-0.123868137000000E+03
0.461398320000000E+02,-0.123865575000000E+03
0.461429640000000E+02,-0.123863572000000E+03
0.461478110000000E+02,-0.123862361000000E+03
0.461571400000000E+02,-0.123855494000000E+03
0.461585140000000E+02,-0.123847929000000E+03
0.461613280000000E+02,-0.123840726000000E+03
0.461621510000000E+02,-0.123839904000000E+03
0.461661750000000E+02,-0.123838327000000E+03
0.461664490000000E+02,-0.123837603000000E+03
0.461660610000000E+02,-0.123836682000000E+03
0.461633180000000E+02,-0.123835069000000E+03
0.461614680000000E+02,-0.123830594000000E+03
0.461615140000000E+02,-0.123830134000000E+03
0.461656520000000E+02,-0.123827010000000E+03
0.461682110000000E+02,-0.123826813000000E+03
0.461680300000000E+02,-0.123824115000000E+03
0.461668180000000E+02,-0.123822141000000E+03
0.461658810000000E+02,-0.123821516000000E+03
0.461634580000000E+02,-0.123820923000000E+03
0.461567150000000E+02,-0.123821514000000E+03
0.461511370000000E+02,-0.123820295000000E+03
0.461487370000000E+02,-0.123819111000000E+03
0.461440740000000E+02,-0.123815164000000E+03
0.461390900000000E+02,-0.123813915000000E+03
0.461354560000000E+02,-0.123813520000000E+03
0.461302440000000E+02,-0.123813979000000E+03
0.461288260000000E+02,-0.123814505000000E+03
0.461140330000000E+02,-0.123813817000000E+03
0.461135530000000E+02,-0.123813455000000E+03
0.461115870000000E+02,-0.123806093000000E+03
0.461110370000000E+02,-0.123797908000000E+03
0.461098480000000E+02,-0.123795509000000E+03
0.461095510000000E+02,-0.123795181000000E+03
0.461080424113281E+02,-0.123795602252344E+03
0.461037910000000E+02,-0.123797582000000E+03
0.461015280000000E+02,-0.123797516000000E+03
0.461018700000000E+02,-0.123796695000000E+03
0.461036990000000E+02,-0.123796596000000E+03
0.461094140000000E+02,-0.123793899000000E+03
0.461083390000000E+02,-0.123790350000000E+03
0.461066010000000E+02,-0.123788149000000E+03
0.461036290000000E+02,-0.123785981000000E+03
0.460976390000000E+02,-0.123785393000000E+03
0.460966100000000E+02,-0.123783980000000E+03
0.460959470000000E+02,-0.123780661000000E+03
0.460925630000000E+02,-0.123777279000000E+03
0.460899580000000E+02,-0.123778693000000E+03
0.460922420000000E+02,-0.123774454000000E+03
0.460929510000000E+02,-0.123774519000000E+03
0.460960610000000E+02,-0.123778591000000E+03
0.460980960000000E+02,-0.123784374000000E+03
0.460986910000000E+02,-0.123784735000000E+03
0.461027600000000E+02,-0.123784273000000E+03
0.461055940000000E+02,-0.123784567000000E+03
0.461097330000000E+02,-0.123788903000000E+03
0.461106930000000E+02,-0.123791697000000E+03
0.461112190000000E+02,-0.123791466000000E+03
0.461105790000000E+02,-0.123789429000000E+03
0.461114020000000E+02,-0.123790152000000E+03
0.461125680000000E+02,-0.123792551000000E+03
0.461137120000000E+02,-0.123798269000000E+03
0.461148780000000E+02,-0.123800505000000E+03
0.461167980000000E+02,-0.123802772000000E+03
0.461190620000000E+02,-0.123803857000000E+03
0.461208900000000E+02,-0.123802016000000E+03
0.461233590000000E+02,-0.123801555000000E+03
0.461242050000000E+02,-0.123803757000000E+03
0.461260610000000E+02,-0.123805728000000E+03
0.461285300000000E+02,-0.123807404000000E+03
0.461349980000000E+02,-0.123807173000000E+03
0.461368270000000E+02,-0.123807733000000E+03
0.461406220000000E+02,-0.123810067000000E+03
0.461456970000000E+02,-0.123811415000000E+03
0.461467250000000E+02,-0.123807107000000E+03
0.461501080000000E+02,-0.123804015000000E+03
0.461504050000000E+02,-0.123803061000000E+03
0.461496050000000E+02,-0.123800726000000E+03
0.461455360000000E+02,-0.123793623000000E+03
0.461431340000000E+02,-0.123785369000000E+03
0.461407560000000E+02,-0.123782016000000E+03
0.461372580000000E+02,-0.123781657000000E+03
0.461346750000000E+02,-0.123782842000000E+03
0.461334400000000E+02,-0.123781198000000E+03
0.461331420000000E+02,-0.123778271000000E+03
0.461321140000000E+02,-0.123778371000000E+03
0.461313830000000E+02,-0.123782153000000E+03
0.461304240000000E+02,-0.123783304000000E+03
0.461301030000000E+02,-0.123783009000000E+03
0.461312000000000E+02,-0.123780904000000E+03
0.461313360000000E+02,-0.123777878000000E+03
0.461338740000000E+02,-0.123777580000000E+03
0.461348810000000E+02,-0.123781658000000E+03
0.461387660000000E+02,-0.123779551000000E+03
0.461419440000000E+02,-0.123780174000000E+03
0.461435430000000E+02,-0.123777772000000E+03
0.461430650000000E+02,-0.123782377000000E+03
0.461443220000000E+02,-0.123784744000000E+03
0.461465630000000E+02,-0.123793063000000E+03
0.461500390000000E+02,-0.123798917000000E+03
0.461509990000000E+02,-0.123801482000000E+03
0.461510220000000E+02,-0.123803719000000E+03
0.461504510000000E+02,-0.123805363000000E+03
0.461475940000000E+02,-0.123808455000000E+03
0.461478680000000E+02,-0.123811744000000E+03
0.461485540000000E+02,-0.123812731000000E+03
0.461504510000000E+02,-0.123813750000000E+03
0.461529660000000E+02,-0.123813553000000E+03
0.461588180000000E+02,-0.123809441000000E+03
0.461601390000000E+02,-0.123807040000000E+03
0.461608520000000E+02,-0.123807270000000E+03
0.461637550000000E+02,-0.123811283000000E+03
0.461659730000000E+02,-0.123812008000000E+03
0.461682360000000E+02,-0.123811876000000E+03
0.461699790000000E+02,-0.123813058000000E+03
0.461707960000000E+02,-0.123816022000000E+03
0.461707730000000E+02,-0.123822207000000E+03
0.461721200000000E+02,-0.123825860000000E+03
0.461726910000000E+02,-0.123831453000000E+03
0.461704040000000E+02,-0.123836948000000E+03
0.461712950000000E+02,-0.123839219000000E+03
0.461714985620687E+02,-0.123844438770497E+03
0.461714985620687E+02,-0.123844438770497E+03
0.461715079770416E+02,-0.123844455175740E+03
0.461748285063024E+02,-0.123850241075243E+03
0.461763608637090E+02,-0.123852911151384E+03
0.461790813105456E+02,-0.123857651429444E+03
0.461823500000000E+02,-0.123863347000000E+03
0.461870010271498E+02,-0.123866226373683E+03
0.461874361444352E+02,-0.123866495747569E+03
0.461876740000000E+02,-0.123866643000000E+03
0.461877572109002E+02,-0.123866533698688E+03
0.461886448742235E+02,-0.123865367712434E+03
0.461895270000000E+02,-0.123864209000000E+03
0.461897879626078E+02,-0.123861738605835E+03
0.461899357738300E+02,-0.123860339355636E+03
0.461902393290145E+02,-0.123857465760208E+03
0.461911277560054E+02,-0.123849055494566E+03
0.461921038145133E+02,-0.123839815667976E+03
0.461922110000000E+02,-0.123838801000000E+03
0.461903099681264E+02,-0.123821984103338E+03
0.461902930000000E+02,-0.123821834000000E+03
0.461903515421538E+02,-0.123821561344072E+03
0.461907359442437E+02,-0.123819771018613E+03
0.461952297420521E+02,-0.123798841474162E+03
0.461953311932425E+02,-0.123798368972441E+03
0.461962830000000E+02,-0.123793936000000E+03
0.462021476495336E+02,-0.123775858165911E+03
0.462045214189144E+02,-0.123768541000787E+03
0.462048942149241E+02,-0.123767391853787E+03
0.462071450087779E+02,-0.123760453761814E+03
END
