0.445963120000000E+02,-0.124038511000000E+03
0.445948680000000E+02,-0.124039185000000E+03
0.445944330000000E+02,-0.124038961000000E+03
0.445931750000000E+02,-0.124031954000000E+03
0.445949130000000E+02,-0.124033137000000E+03
0.445967650000000E+02,-0.124035665000000E+03
0.445987770000000E+02,-0.124035248000000E+03
0.446073260000000E+02,-0.124027721000000E+03
0.446090860000000E+02,-0.124024200000000E+03
0.446082160000000E+02,-0.124021992000000E+03
0.446055870000000E+02,-0.124019049000000E+03
0.446030480000000E+02,-0.124017259000000E+03
0.446009210000000E+02,-0.124016748000000E+03
0.445993890000000E+02,-0.124016909000000E+03
0.445969430000000E+02,-0.124017615000000E+03
0.445945430000000E+02,-0.124019057000000E+03
0.445888510000000E+02,-0.124024566000000E+03
0.445841410000000E+02,-0.124024984000000E+03
0.445804590000000E+02,-0.124022747000000E+03
0.445799560000000E+02,-0.124020444000000E+03
0.445786520000000E+02,-0.124018462000000E+03
0.445786520000000E+02,-0.124018462000000E+03
0.445761130000000E+02,-0.124018080000000E+03
0.445736440000000E+02,-0.124019073000000E+03
0.445714230000000E+02,-0.124020753000000E+03
0.445697560000000E+02,-0.124021121000000E+03
0.445659770000000E+02,-0.124019918000000E+03
0.445653870000000E+02,-0.124018787000000E+03
0.445663360000000E+02,-0.124016831000000E+03
0.445696330000000E+02,-0.124014167000000E+03
0.445702370000000E+02,-0.124012740000000E+03
0.445702070000000E+02,-0.124011503000000E+03
0.445690270000000E+02,-0.124008706000000E+03
0.445692010000000E+02,-0.124006857000000E+03
0.445692010000000E+02,-0.124006857000000E+03
0.445671000000000E+02,-0.124007083000000E+03
0.445640580000000E+02,-0.124006543000000E+03
0.445636000000000E+02,-0.124004976000000E+03
0.445640340000000E+02,-0.124003216000000E+03
0.445632560000000E+02,-0.124001778000000E+03
0.445621110000000E+02,-0.124000941000000E+03
0.445612890000000E+02,-0.124001940000000E+03
0.445598280000000E+02,-0.124006644000000E+03
0.445580230000000E+02,-0.124007829000000E+03
0.445567420000000E+02,-0.124007414000000E+03
0.445553920000000E+02,-0.124006008000000E+03
0.445547960000000E+02,-0.124002395000000E+03
0.445551150000000E+02,-0.124000028000000E+03
0.445558240000000E+02,-0.123999101000000E+03
0.445558240000000E+02,-0.123999101000000E+03
0.445580440000000E+02,-0.123996097000000E+03
0.445581610000000E+02,-0.123990021000000E+03
0.445573360000000E+02,-0.123988082000000E+03
0.445558410000000E+02,-0.123990718000000E+03
0.445558410000000E+02,-0.123990718000000E+03
0.445530940000000E+02,-0.123995565000000E+03
0.445517110000000E+02,-0.123993693000000E+03
0.445483970000000E+02,-0.123993690000000E+03
0.445439580000000E+02,-0.123999665000000E+03
0.445422440000000E+02,-0.124003112000000E+03
0.445390440000000E+02,-0.124004042000000E+03
0.445380370000000E+02,-0.124003660000000E+03
0.445362770000000E+02,-0.124004908000000E+03
0.445336500000000E+02,-0.124008139000000E+03
0.445314330000000E+02,-0.124012105000000E+03
0.445293570000000E+02,-0.124012974000000E+03
0.445270846656250E+02,-0.124012442193359E+03
0.445275232656250E+02,-0.124011617193359E+03
0.445287580000000E+02,-0.124012139000000E+03
0.445295350000000E+02,-0.124010764000000E+03
0.445284820000000E+02,-0.124007217000000E+03
0.445277730000000E+02,-0.124006994000000E+03
0.445265380000000E+02,-0.124007762000000E+03
0.445230516796875E+02,-0.124012451781836E+03
0.445168010000000E+02,-0.124015281000000E+03
0.445132120000000E+02,-0.124016180000000E+03
0.445115190000000E+02,-0.124015127000000E+03
0.445060330000000E+02,-0.124019285000000E+03
0.445049820000000E+02,-0.124021970000000E+03
0.445050290000000E+02,-0.124023663000000E+03
0.445113180000000E+02,-0.124029314000000E+03
0.445187750000000E+02,-0.124042892000000E+03
0.445220900000000E+02,-0.124042475000000E+03
0.445309810000000E+02,-0.124037520000000E+03
0.445315220000000E+02,-0.124035604000000E+03
0.445329190000000E+02,-0.124033912000000E+03
0.445339220000000E+02,-0.124034769000000E+03
0.445349850000000E+02,-0.124037292000000E+03
0.445347570000000E+02,-0.124039434000000E+03
0.445340020000000E+02,-0.124040617000000E+03
0.445323790000000E+02,-0.124041992000000E+03
0.445303220000000E+02,-0.124042504000000E+03
0.445300700000000E+02,-0.124043975000000E+03
0.445327700000000E+02,-0.124065130000000E+03
0.445334470000000E+02,-0.124067111000000E+03
0.445350450000000E+02,-0.124068451000000E+03
0.445353980000000E+02,-0.124071692000000E+03
0.445309630000000E+02,-0.124075332000000E+03
0.445266040000000E+02,-0.124075583000000E+03
0.445257270000000E+02,-0.124075463000000E+03
0.445242940958984E+02,-0.124074096630273E+03
0.445220730000000E+02,-0.124070534000000E+03
0.445204910000000E+02,-0.124069993000000E+03
0.445201940000000E+02,-0.124073317000000E+03
0.445205140000000E+02,-0.124074147000000E+03
0.445216800000000E+02,-0.124072550000000E+03
0.445222060000000E+02,-0.124072454000000E+03
0.445245338963463E+02,-0.124077988484423E+03
0.445245338963463E+02,-0.124077988484423E+03
0.445305853788932E+02,-0.124076537705283E+03
0.445312140000000E+02,-0.124076387000000E+03
0.445463394349032E+02,-0.124074588312404E+03
0.445889064762971E+02,-0.124069526321799E+03
0.445889064762971E+02,-0.124069526321799E+03
0.445894170000000E+02,-0.124064776000000E+03
0.445903660000000E+02,-0.124064817000000E+03
0.445927210000000E+02,-0.124063473000000E+03
0.446102540000000E+02,-0.124051965000000E+03
0.446129780000000E+02,-0.124050894000000E+03
0.446146020000000E+02,-0.124050765000000E+03
0.446145100000000E+02,-0.124048204000000E+03
0.446125890000000E+02,-0.124048237000000E+03
0.446125430000000E+02,-0.124043404000000E+03
0.446111480000000E+02,-0.124041131000000E+03
0.446115583292969E+02,-0.124035970501367E+03
0.446136610000000E+02,-0.124030310000000E+03
0.446139340000000E+02,-0.124027621000000E+03
0.446132710000000E+02,-0.124027846000000E+03
0.446111800000000E+02,-0.124030569000000E+03
0.446115400000000E+02,-0.124030827000000E+03
0.446102912556641E+02,-0.124035484027734E+03
0.446089980000000E+02,-0.124037996000000E+03
0.446080610000000E+02,-0.124038412000000E+03
0.446068260000000E+02,-0.124037132000000E+03
0.446059110000000E+02,-0.124037517000000E+03
0.446029850000000E+02,-0.124042767000000E+03
0.446007900000000E+02,-0.124040175000000E+03
0.445989150000000E+02,-0.124039920000000E+03
0.445963120000000E+02,-0.124038511000000E+03
END
