0.438627320000000E+02,-0.123947089000000E+03
0.438627420000000E+02,-0.123945558000000E+03
0.438647810000000E+02,-0.123945553000000E+03
0.438710880000000E+02,-0.123945541000000E+03
0.438656330000000E+02,-0.123925510000000E+03
0.438744940000000E+02,-0.123925350000000E+03
0.438748410000000E+02,-0.123926058000000E+03
0.438844290000000E+02,-0.123926136000000E+03
0.438967110000000E+02,-0.123925556000000E+03
0.438991670000000E+02,-0.123925513000000E+03
0.438992370000000E+02,-0.123910761000000E+03
0.438992370000000E+02,-0.123910761000000E+03
0.438984800000000E+02,-0.123911268000000E+03
0.438924650000000E+02,-0.123909690000000E+03
0.438897430000000E+02,-0.123908237000000E+03
0.438892170000000E+02,-0.123906119000000E+03
0.438839330000000E+02,-0.123901758000000E+03
0.438824920000000E+02,-0.123901633000000E+03
0.438779150000000E+02,-0.123896728000000E+03
0.438790280000000E+02,-0.123885478000000E+03
0.438785700000000E+02,-0.123883012000000E+03
0.438788510000000E+02,-0.123879403000000E+03
0.438828260000000E+02,-0.123869330000000E+03
0.438823470000000E+02,-0.123867148000000E+03
0.438813640000000E+02,-0.123866451000000E+03
0.438789630000000E+02,-0.123866164000000E+03
0.438781212770508E+02,-0.123863348685352E+03
0.438794742770508E+02,-0.123862823685352E+03
0.438812890000000E+02,-0.123860234000000E+03
0.438809180000000E+02,-0.123858455000000E+03
0.438791060000000E+02,-0.123858368000000E+03
0.438775480000000E+02,-0.123860568000000E+03
0.438748410000000E+02,-0.123862558000000E+03
0.438695640000000E+02,-0.123863787000000E+03
0.438562090000000E+02,-0.123862417000000E+03
0.438481260000000E+02,-0.123856474000000E+03
0.438473830000000E+02,-0.123856696000000E+03
0.438481000000000E+02,-0.123859956000000E+03
0.438501100000000E+02,-0.123861494000000E+03
0.438491070000000E+02,-0.123862134000000E+03
0.438445220000000E+02,-0.123861366000000E+03
0.438431750000000E+02,-0.123858582000000E+03
0.438442520000000E+02,-0.123851505000000E+03
0.438468170000000E+02,-0.123841491000000E+03
0.438478020000000E+02,-0.123832138000000E+03
0.438534740000000E+02,-0.123824839000000E+03
0.438527430000000E+02,-0.123819973000000E+03
0.438512570000000E+02,-0.123817697000000E+03
0.438512800000000E+02,-0.123813937000000E+03
0.438521720000000E+02,-0.123810240000000E+03
0.438525150000000E+02,-0.123809039000000E+03
0.438537490000000E+02,-0.123808217000000E+03
0.438540010000000E+02,-0.123807206000000E+03
0.438537740000000E+02,-0.123804848000000E+03
0.438522400000000E+02,-0.123800886000000E+03
0.438523990000000E+02,-0.123797979000000E+03
0.438553940000000E+02,-0.123791972000000E+03
0.438577720000000E+02,-0.123789854000000E+03
0.438574510000000E+02,-0.123785620000000E+03
0.438546810000000E+02,-0.123776014000000E+03
0.438500830000000E+02,-0.123770771000000E+03
0.438461040000000E+02,-0.123770458000000E+03
0.438428110000000E+02,-0.123772261000000E+03
0.438376650000000E+02,-0.123771285000000E+03
0.438320860000000E+02,-0.123773406000000E+03
0.438313990000000E+02,-0.123771416000000E+03
0.438322640000000E+02,-0.123769096000000E+03
0.438313990000000E+02,-0.123768888000000E+03
0.438296150000000E+02,-0.123769268000000E+03
0.438250880000000E+02,-0.123773221000000E+03
0.438256120000000E+02,-0.123766807000000E+03
0.438265030000000E+02,-0.123765859000000E+03
0.438273500000000E+02,-0.123765700000000E+03
0.438288140000000E+02,-0.123767405000000E+03
0.438299120000000E+02,-0.123767531000000E+03
0.438314660000000E+02,-0.123766045000000E+03
0.438316570000000E+02,-0.123764712000000E+03
0.438306180000000E+02,-0.123762349000000E+03
0.438291770000000E+02,-0.123761213000000E+03
0.438287190000000E+02,-0.123760235000000E+03
0.438291520000000E+02,-0.123757075000000E+03
0.438329250000000E+02,-0.123755271000000E+03
0.438352110000000E+02,-0.123753437000000E+03
0.438357360000000E+02,-0.123751213000000E+03
0.438395550000000E+02,-0.123747952000000E+03
0.438435100000000E+02,-0.123743135000000E+03
0.438438440000000E+02,-0.123741974000000E+03
0.438472900000000E+02,-0.123737058000000E+03
0.438477490000000E+02,-0.123734594000000E+03
0.438472000000000E+02,-0.123733298000000E+03
0.438456690000000E+02,-0.123732381000000E+03
0.438426940000000E+02,-0.123736170000000E+03
0.438416190000000E+02,-0.123736390000000E+03
0.438408420000000E+02,-0.123735473000000E+03
0.438408420000000E+02,-0.123734462000000E+03
0.438417120000000E+02,-0.123732567000000E+03
0.438470420000000E+02,-0.123729348000000E+03
0.438486440000000E+02,-0.123725526000000E+03
0.438480950000000E+02,-0.123724989000000E+03
0.438480730000000E+02,-0.123723977000000E+03
0.438489880000000E+02,-0.123722777000000E+03
0.438526930000000E+02,-0.123721104000000E+03
0.438545220000000E+02,-0.123723160000000E+03
0.438578380000000E+02,-0.123722372000000E+03
0.438612010000000E+02,-0.123719055000000E+03
0.438614780000000E+02,-0.123713840000000E+03
0.438602890000000E+02,-0.123712481000000E+03
0.438603350000000E+02,-0.123711627000000E+03
0.438609530000000E+02,-0.123709447000000E+03
0.438665800000000E+02,-0.123699239000000E+03
0.438669690000000E+02,-0.123696110000000E+03
0.438693020000000E+02,-0.123695605000000E+03
0.438715890000000E+02,-0.123696174000000E+03
0.438734490000000E+02,-0.123699730000000E+03
0.438765960000000E+02,-0.123698987000000E+03
0.438780590000000E+02,-0.123698133000000E+03
0.438789510000000E+02,-0.123696901000000E+03
0.438828390000000E+02,-0.123685677000000E+03
0.438853770000000E+02,-0.123680333000000E+03
0.438856520000000E+02,-0.123678720000000E+03
0.438849660000000E+02,-0.123677455000000E+03
0.438846910000000E+02,-0.123678372000000E+03
0.438831590000000E+02,-0.123678942000000E+03
0.438803690000000E+02,-0.123676571000000E+03
0.438780590000000E+02,-0.123675465000000E+03
0.438762750000000E+02,-0.123678216000000E+03
0.438758410000000E+02,-0.123680808000000E+03
0.438679980000000E+02,-0.123687828000000E+03
0.438645220000000E+02,-0.123687543000000E+03
0.438598570000000E+02,-0.123685457000000E+03
0.438525850000000E+02,-0.123679043000000E+03
0.438494280000000E+02,-0.123677558000000E+03
0.438365760000000E+02,-0.123674338000000E+03
0.438269250000000E+02,-0.123685395000000E+03
0.438271988165039E+02,-0.123690213875000E+03
0.438265400165039E+02,-0.123693378875000E+03
0.438266500000000E+02,-0.123695472000000E+03
0.438279626894531E+02,-0.123692754462891E+03
0.438288824894531E+02,-0.123689002062891E+03
0.438286214894531E+02,-0.123688225062891E+03
0.438295090000000E+02,-0.123686153000000E+03
0.438307890000000E+02,-0.123694556000000E+03
0.438305150000000E+02,-0.123699516000000E+03
0.438295080000000E+02,-0.123701348000000E+03
0.438301030000000E+02,-0.123702801000000E+03
0.438332350000000E+02,-0.123706150000000E+03
0.438351560000000E+02,-0.123706751000000E+03
0.438368030000000E+02,-0.123706562000000E+03
0.438383800000000E+02,-0.123707700000000E+03
0.438397060000000E+02,-0.123710797000000E+03
0.438392480000000E+02,-0.123712818000000E+03
0.438378290000000E+02,-0.123718126000000E+03
0.438340780000000E+02,-0.123722073000000E+03
0.438291350000000E+02,-0.123731421000000E+03
0.438259270000000E+02,-0.123744590000000E+03
0.438245540000000E+02,-0.123746642000000E+03
0.438241880000000E+02,-0.123747020000000E+03
0.438109740000000E+02,-0.123747863000000E+03
0.438101220000000E+02,-0.123748670000000E+03
0.438076210000000E+02,-0.123754003000000E+03
0.437963820000000E+02,-0.123758621000000E+03
0.437949900000000E+02,-0.123764589000000E+03
0.437958820000000E+02,-0.123766041000000E+03
0.437971170000000E+02,-0.123766135000000E+03
0.437995410000000E+02,-0.123764649000000E+03
0.438016200000000E+02,-0.123761332000000E+03
0.438026490000000E+02,-0.123760668000000E+03
0.438052560000000E+02,-0.123760476000000E+03
0.438076800000000E+02,-0.123760979000000E+03
0.438085960000000E+02,-0.123762494000000E+03
0.438083450000000E+02,-0.123764484000000E+03
0.438069510000000E+02,-0.123766379000000E+03
0.438062600000000E+02,-0.123766745000000E+03
0.438060590000000E+02,-0.123766285000000E+03
0.438029480000000E+02,-0.123765688000000E+03
0.438009370000000E+02,-0.123767584000000E+03
0.438008700000000E+02,-0.123771562000000E+03
0.438022200000000E+02,-0.123775034000000E+03
0.438042560000000E+02,-0.123777149000000E+03
0.438044390000000E+02,-0.123777906000000E+03
0.438038450000000E+02,-0.123779549000000E+03
0.438023820000000E+02,-0.123780876000000E+03
0.437995690000000E+02,-0.123779898000000E+03
0.437980130000000E+02,-0.123778100000000E+03
0.437960000000000E+02,-0.123776838000000E+03
0.437815450000000E+02,-0.123770534000000E+03
0.437760310000000E+02,-0.123764889000000E+03
0.437749370000000E+02,-0.123759849000000E+03
0.437742210000000E+02,-0.123761057000000E+03
0.437737170000000E+02,-0.123767019000000E+03
0.437749780000000E+02,-0.123770865000000E+03
0.437766520000000E+02,-0.123772285000000E+03
0.437763200000000E+02,-0.123774557000000E+03
0.437753280000000E+02,-0.123775974000000E+03
0.437709920000000E+02,-0.123777875000000E+03
0.437670940000000E+02,-0.123776698000000E+03
0.437655390000000E+02,-0.123776667000000E+03
0.437632520000000E+02,-0.123777899000000E+03
0.437592060000000E+02,-0.123782003000000E+03
0.437597320000000E+02,-0.123784906000000E+03
0.437589560000000E+02,-0.123788881000000E+03
0.437566800000000E+02,-0.123792116000000E+03
0.437555200000000E+02,-0.123792126000000E+03
0.437527430000000E+02,-0.123789519000000E+03
0.437391570000000E+02,-0.123790839000000E+03
0.437372090000000E+02,-0.123793213000000E+03
0.437330240000000E+02,-0.123791858000000E+03
0.437285410000000E+02,-0.123789368000000E+03
0.437233730000000E+02,-0.123787604000000E+03
0.437155750000000E+02,-0.123790003000000E+03
0.437131280000000E+02,-0.123791517000000E+03
0.437110010000000E+02,-0.123791707000000E+03
0.437104750000000E+02,-0.123790824000000E+03
0.437099260000000E+02,-0.123790888000000E+03
0.437085770000000E+02,-0.123792464000000E+03
0.437062450000000E+02,-0.123797761000000E+03
0.437093560000000E+02,-0.123802963000000E+03
0.437094250000000E+02,-0.123803972000000E+03
0.437056060000000E+02,-0.123806620000000E+03
0.437056060000000E+02,-0.123806620000000E+03
0.437041190000000E+02,-0.123807724000000E+03
0.437044850000000E+02,-0.123813619000000E+03
0.437056970000000E+02,-0.123820428000000E+03
0.437057420000000E+02,-0.123829286000000E+03
0.437041860000000E+02,-0.123835117000000E+03
0.436994730000000E+02,-0.123842081000000E+03
0.436968660000000E+02,-0.123843214000000E+03
0.436937320000000E+02,-0.123845860000000E+03
0.436968610000000E+02,-0.123856453000000E+03
0.437006970000000E+02,-0.123879204000000E+03
0.437014340000000E+02,-0.123890740000000E+03
0.437023490000000E+02,-0.123891528000000E+03
0.437038810000000E+02,-0.123891748000000E+03
0.437087060000000E+02,-0.123890672000000E+03
0.437114270000000E+02,-0.123889535000000E+03
0.437129370000000E+02,-0.123889975000000E+03
0.437147440000000E+02,-0.123891109000000E+03
0.437172610000000E+02,-0.123894733000000E+03
0.437177420000000E+02,-0.123897192000000E+03
0.437197100000000E+02,-0.123900028000000E+03
0.437221110000000E+02,-0.123901792000000E+03
0.437244890000000E+02,-0.123901097000000E+03
0.437265250000000E+02,-0.123901695000000E+03
0.437301400000000E+02,-0.123908063000000E+03
0.437275580000000E+02,-0.123918882000000E+03
0.437278790000000E+02,-0.123925125000000E+03
0.437285650000000E+02,-0.123926418000000E+03
0.437318810000000E+02,-0.123928341000000E+03
0.437385370000000E+02,-0.123935784000000E+03
0.437387190000000E+02,-0.123940010000000E+03
0.437295240000000E+02,-0.123957165000000E+03
0.437263000000000E+02,-0.123959655000000E+03
0.437206280000000E+02,-0.123960346000000E+03
0.437131010000000E+02,-0.123968698000000E+03
0.437127810000000E+02,-0.123970370000000E+03
0.437128950000000E+02,-0.123971316000000E+03
0.437145400000000E+02,-0.123973776000000E+03
0.437152250000000E+02,-0.123978127000000E+03
0.437148330000000E+02,-0.123986450000000E+03
0.437136880000000E+02,-0.123989002000000E+03
0.437128170000000E+02,-0.123993289000000E+03
0.437130690000000E+02,-0.123995871000000E+03
0.437146370000000E+02,-0.123996600000000E+03
0.437177540000000E+02,-0.124002111000000E+03
0.437195020000000E+02,-0.124023046000000E+03
0.437207140000000E+02,-0.124024590000000E+03
0.437221090000000E+02,-0.124025378000000E+03
0.437236640000000E+02,-0.124023610000000E+03
0.437256990000000E+02,-0.124023610000000E+03
0.437290160000000E+02,-0.124026919000000E+03
0.437307080000000E+02,-0.124026887000000E+03
0.437307080000000E+02,-0.124026887000000E+03
0.437313500000000E+02,-0.124029567000000E+03
0.437354230000000E+02,-0.124037796000000E+03
0.437353090000000E+02,-0.124039278000000E+03
0.437344400000000E+02,-0.124041045000000E+03
0.437348060000000E+02,-0.124042559000000E+03
0.437353780000000E+02,-0.124042875000000E+03
0.437371620000000E+02,-0.124041896000000E+03
0.437387850000000E+02,-0.124039151000000E+03
0.437439290000000E+02,-0.124033030000000E+03
0.437459860000000E+02,-0.124029307000000E+03
0.437518860000000E+02,-0.124022203000000E+03
0.437581030000000E+02,-0.124015699000000E+03
0.437596340000000E+02,-0.124013080000000E+03
0.437611860000000E+02,-0.124006325000000E+03
0.437630820000000E+02,-0.124001686000000E+03
0.437694870000000E+02,-0.123994319000000E+03
0.437710200000000E+02,-0.123993216000000E+03
0.437744960000000E+02,-0.123993440000000E+03
0.437770120000000E+02,-0.123992527000000E+03
0.437854750000000E+02,-0.123987075000000E+03
0.437896160000000E+02,-0.123982975000000E+03
0.437895950000000E+02,-0.123980797000000E+03
0.437887030000000E+02,-0.123978396000000E+03
0.437868970000000E+02,-0.123977038000000E+03
0.437840380000000E+02,-0.123979371000000E+03
0.437786610000000E+02,-0.123985206000000E+03
0.437754130000000E+02,-0.123987255000000E+03
0.437741330000000E+02,-0.123987191000000E+03
0.437713660000000E+02,-0.123985800000000E+03
0.437701090000000E+02,-0.123984222000000E+03
0.437695610000000E+02,-0.123982580000000E+03
0.437696990000000E+02,-0.123980214000000E+03
0.437729710000000E+02,-0.123975072000000E+03
0.437756030000000E+02,-0.123968351000000E+03
0.437786450000000E+02,-0.123963461000000E+03
0.437818020000000E+02,-0.123960211000000E+03
0.437917290000000E+02,-0.123954691000000E+03
0.437926440000000E+02,-0.123953460000000E+03
0.437932840000000E+02,-0.123950935000000E+03
0.437931700000000E+02,-0.123949388000000E+03
0.437924380000000E+02,-0.123948251000000E+03
0.437916380000000E+02,-0.123948661000000E+03
0.437874750000000E+02,-0.123953522000000E+03
0.437861480000000E+02,-0.123954279000000E+03
0.437835410000000E+02,-0.123954215000000E+03
0.437823060000000E+02,-0.123953647000000E+03
0.437805000000000E+02,-0.123951973000000E+03
0.437797910000000E+02,-0.123949573000000E+03
0.437802490000000E+02,-0.123947112000000E+03
0.437836560000000E+02,-0.123941999000000E+03
0.437837480000000E+02,-0.123937359000000E+03
0.437832450000000E+02,-0.123936791000000E+03
0.437822610000000E+02,-0.123936665000000E+03
0.437805460000000E+02,-0.123937233000000E+03
0.437752860000000E+02,-0.123940452000000E+03
0.437735480000000E+02,-0.123940294000000E+03
0.437720620000000E+02,-0.123938527000000E+03
0.437709870000000E+02,-0.123934298000000E+03
0.437706670000000E+02,-0.123927387000000E+03
0.437709640000000E+02,-0.123924768000000E+03
0.437721520000000E+02,-0.123921549000000E+03
0.437729980000000E+02,-0.123920697000000E+03
0.437747360000000E+02,-0.123920507000000E+03
0.437807740000000E+02,-0.123921515000000E+03
0.437833360000000E+02,-0.123921135000000E+03
0.437864230000000E+02,-0.123918736000000E+03
0.437870860000000E+02,-0.123916052000000E+03
0.437867880000000E+02,-0.123913117000000E+03
0.437861010000000E+02,-0.123912296000000E+03
0.437815447611328E+02,-0.123914111252344E+03
0.437791030000000E+02,-0.123914540000000E+03
0.437761530000000E+02,-0.123912552000000E+03
0.437737730000000E+02,-0.123908356000000E+03
0.437724460000000E+02,-0.123904507000000E+03
0.437724450000000E+02,-0.123900972000000E+03
0.437735880000000E+02,-0.123899078000000E+03
0.437750050000000E+02,-0.123898572000000E+03
0.437775910000000E+02,-0.123902105000000E+03
0.437747540000000E+02,-0.123899298000000E+03
0.437738620000000E+02,-0.123899677000000E+03
0.437728570000000E+02,-0.123902171000000E+03
0.437734980000000E+02,-0.123906715000000E+03
0.437764960000000E+02,-0.123912142000000E+03
0.437781880000000E+02,-0.123913594000000E+03
0.437797660000000E+02,-0.123914130000000E+03
0.437860100000000E+02,-0.123911697000000E+03
0.437868521985352E+02,-0.123912781303516E+03
0.437875430000000E+02,-0.123916463000000E+03
0.437860110000000E+02,-0.123920188000000E+03
0.437832900000000E+02,-0.123921861000000E+03
0.437802480000000E+02,-0.123922178000000E+03
0.437732040000000E+02,-0.123921296000000E+03
0.437727470000000E+02,-0.123921675000000E+03
0.437719010000000E+02,-0.123923442000000E+03
0.437710780000000E+02,-0.123927798000000E+03
0.437713760000000E+02,-0.123932973000000E+03
0.437726110000000E+02,-0.123938211000000E+03
0.437737310000000E+02,-0.123939537000000E+03
0.437751720000000E+02,-0.123939726000000E+03
0.437803860000000E+02,-0.123936065000000E+03
0.437828330000000E+02,-0.123935655000000E+03
0.437843420000000E+02,-0.123936602000000E+03
0.437846850000000E+02,-0.123940705000000E+03
0.437806600000000E+02,-0.123948942000000E+03
0.437810940000000E+02,-0.123951500000000E+03
0.437829460000000E+02,-0.123953015000000E+03
0.437844330000000E+02,-0.123953552000000E+03
0.437862170000000E+02,-0.123953332000000E+03
0.437877040000000E+02,-0.123952259000000E+03
0.437920040000000E+02,-0.123947304000000E+03
0.437933070000000E+02,-0.123947999000000E+03
0.437938330000000E+02,-0.123950145000000E+03
0.437932150000000E+02,-0.123953523000000E+03
0.437913860000000E+02,-0.123955890000000E+03
0.437861930000000E+02,-0.123958666000000E+03
0.437797660000000E+02,-0.123963209000000E+03
0.437764720000000E+02,-0.123967815000000E+03
0.437740690000000E+02,-0.123973842000000E+03
0.437704760000000E+02,-0.123980340000000E+03
0.437700640000000E+02,-0.123981949000000E+03
0.437705210000000E+02,-0.123983401000000E+03
0.437720300000000E+02,-0.123985327000000E+03
0.437738590000000E+02,-0.123986118000000E+03
0.437756200000000E+02,-0.123986119000000E+03
0.437780210000000E+02,-0.123984669000000E+03
0.437813840000000E+02,-0.123981453000000E+03
0.437854340000000E+02,-0.123976689000000E+03
0.437871490000000E+02,-0.123976059000000E+03
0.437887490000000E+02,-0.123976944000000E+03
0.437898930000000E+02,-0.123978808000000E+03
0.437905100000000E+02,-0.123981271000000E+03
0.437903030000000E+02,-0.123983449000000E+03
0.437870080000000E+02,-0.123987076000000E+03
0.437760960000000E+02,-0.123994262000000E+03
0.437749980000000E+02,-0.123994703000000E+03
0.437712710000000E+02,-0.123994447000000E+03
0.437704700000000E+02,-0.123994825000000E+03
0.437670610000000E+02,-0.123999145000000E+03
0.437669230000000E+02,-0.124001218000000E+03
0.437673130000000E+02,-0.124002312000000E+03
0.437682050000000E+02,-0.124002374000000E+03
0.437676560000000E+02,-0.124003132000000E+03
0.437667640000000E+02,-0.124003133000000E+03
0.437663280000000E+02,-0.123999838000000E+03
0.437660310000000E+02,-0.123999964000000E+03
0.437625580000000E+02,-0.124005882000000E+03
0.437598640000000E+02,-0.124014373000000E+03
0.437463070000000E+02,-0.124032019000000E+03
0.437446840000000E+02,-0.124035269000000E+03
0.437409350000000E+02,-0.124039529000000E+03
0.437386260000000E+02,-0.124043599000000E+03
0.437374600000000E+02,-0.124047132000000E+03
0.437371170000000E+02,-0.124050380000000E+03
0.437374380000000E+02,-0.124054606000000E+03
0.437397250000000E+02,-0.124061199000000E+03
0.437423320000000E+02,-0.124061893000000E+03
0.437430860000000E+02,-0.124065079000000E+03
0.437443210000000E+02,-0.124065142000000E+03
0.437445730000000E+02,-0.124065646000000E+03
0.437444810000000E+02,-0.124067224000000E+03
0.437440010000000E+02,-0.124068012000000E+03
0.437438410000000E+02,-0.124066908000000E+03
0.437426970000000E+02,-0.124065615000000E+03
0.437417600000000E+02,-0.124062334000000E+03
0.437394270000000E+02,-0.124062524000000E+03
0.437389010000000E+02,-0.124063312000000E+03
0.437383070000000E+02,-0.124068264000000E+03
0.437369340000000E+02,-0.124073531000000E+03
0.437371160000000E+02,-0.124079081000000E+03
0.437356520000000E+02,-0.124082646000000E+03
0.437328850000000E+02,-0.124085514000000E+03
0.437295680000000E+02,-0.124086554000000E+03
0.437255670000000E+02,-0.124084691000000E+03
0.437214510000000E+02,-0.124082041000000E+03
0.437190960000000E+02,-0.124081315000000E+03
0.437177920000000E+02,-0.124082229000000E+03
0.437171750000000E+02,-0.124083080000000E+03
0.437165790000000E+02,-0.124088598000000E+03
0.437147030000000E+02,-0.124093105000000E+03
0.437151970000000E+02,-0.124093936000000E+03
0.437167610000000E+02,-0.124091877000000E+03
0.437186350000000E+02,-0.124096733000000E+03
0.437192820000000E+02,-0.124101854000000E+03
0.437192820000000E+02,-0.124101854000000E+03
0.437205710000000E+02,-0.124105468000000E+03
0.437230090000000E+02,-0.124103965000000E+03
0.437229150000000E+02,-0.124100945000000E+03
0.437219280000000E+02,-0.124098159000000E+03
0.437223420000000E+02,-0.124095480000000E+03
0.437243440000000E+02,-0.124093515000000E+03
0.437257050000000E+02,-0.124093113000000E+03
0.437341290000000E+02,-0.124093454000000E+03
0.437362200000000E+02,-0.124097563000000E+03
0.437356470000000E+02,-0.124100464000000E+03
0.437362640000000E+02,-0.124101884000000E+03
0.437406090000000E+02,-0.124103339000000E+03
0.437447260000000E+02,-0.124101197000000E+03
0.437444980000000E+02,-0.124099051000000E+03
0.437417100000000E+02,-0.124092646000000E+03
0.437412080000000E+02,-0.124089523000000E+03
0.437413680000000E+02,-0.124086212000000E+03
0.437420780000000E+02,-0.124083783000000E+03
0.437439080000000E+02,-0.124082838000000E+03
0.437498390000000E+02,-0.124084937000000E+03
0.437510220000000E+02,-0.124085961000000E+03
0.437535600000000E+02,-0.124089085000000E+03
0.437538340000000E+02,-0.124090095000000E+03
0.437534910000000E+02,-0.124091482000000E+03
0.437555480000000E+02,-0.124093282000000E+03
0.437618830000000E+02,-0.124091549000000E+03
0.437643760000000E+02,-0.124089878000000E+03
0.437670300000000E+02,-0.124086724000000E+03
0.437690410000000E+02,-0.124089534000000E+03
0.437692920000000E+02,-0.124090954000000E+03
0.437680100000000E+02,-0.124097706000000E+03
0.437671180000000E+02,-0.124098684000000E+03
0.437667740000000E+02,-0.124100167000000E+03
0.437669570000000E+02,-0.124101650000000E+03
0.437691500000000E+02,-0.124106795000000E+03
0.437727160000000E+02,-0.124110207000000E+03
0.437745470000000E+02,-0.124106516000000E+03
0.437756800000000E+02,-0.124105623000000E+03
0.437756800000000E+02,-0.124105623000000E+03
0.437792140000000E+02,-0.124102827000000E+03
0.437809080000000E+02,-0.124098093000000E+03
0.437828090000000E+02,-0.124086952000000E+03
0.437832210000000E+02,-0.124086447000000E+03
0.437847300000000E+02,-0.124087237000000E+03
0.437874520000000E+02,-0.124085186000000E+03
0.437885270000000E+02,-0.124080957000000E+03
0.437874530000000E+02,-0.124078810000000E+03
0.437877050000000E+02,-0.124077264000000E+03
0.437911360000000E+02,-0.124067162000000E+03
0.437927370000000E+02,-0.124064858000000E+03
0.437947490000000E+02,-0.124059523000000E+03
0.437954800000000E+02,-0.124055703000000E+03
0.437965320000000E+02,-0.124054124000000E+03
0.437989330000000E+02,-0.124053398000000E+03
0.438003970000000E+02,-0.124052387000000E+03
0.438019520000000E+02,-0.124049798000000E+03
0.438014710000000E+02,-0.124047367000000E+03
0.437979260000000E+02,-0.124045441000000E+03
0.437973770000000E+02,-0.124040611000000E+03
0.437976510000000E+02,-0.124039885000000E+03
0.437998690000000E+02,-0.124038053000000E+03
0.438012170000000E+02,-0.124033569000000E+03
0.438063360000000E+02,-0.124023241000000E+03
0.438114330000000E+02,-0.124016006000000E+03
0.438124390000000E+02,-0.124015089000000E+03
0.438135370000000E+02,-0.124015310000000E+03
0.438151560000000E+02,-0.124005866000000E+03
0.438223820000000E+02,-0.124001629000000E+03
0.438228530000000E+02,-0.123995706000000E+03
0.438216380000000E+02,-0.123987045000000E+03
0.438220220000000E+02,-0.123978795000000E+03
0.438243570000000E+02,-0.123974473000000E+03
0.438303940000000E+02,-0.123974130000000E+03
0.438349690000000E+02,-0.123972427000000E+03
0.438392680000000E+02,-0.123973599000000E+03
0.438431350000000E+02,-0.123968104000000E+03
0.438428390000000E+02,-0.123963870000000E+03
0.438443490000000E+02,-0.123960648000000E+03
0.438500890000000E+02,-0.123958565000000E+03
0.438534280000000E+02,-0.123955658000000E+03
0.438613420000000E+02,-0.123946274000000E+03
0.438617300000000E+02,-0.123946148000000E+03
0.438627320000000E+02,-0.123947089000000E+03
END
0.437244560000000E+02,-0.124120575000000E+03
0.437259880000000E+02,-0.124122563000000E+03
0.437302410000000E+02,-0.124122757000000E+03
0.437338438600586E+02,-0.124124480938672E+03
0.437383820000000E+02,-0.124127572000000E+03
0.437399370000000E+02,-0.124127696000000E+03
0.437402800000000E+02,-0.124127255000000E+03
0.437404160000000E+02,-0.124126224000000E+03
0.437399580000000E+02,-0.124125480000000E+03
0.437371283426758E+02,-0.124124790831836E+03
0.437337400000000E+02,-0.124121814000000E+03
0.437337180000000E+02,-0.124121026000000E+03
0.437341290000000E+02,-0.124120869000000E+03
0.437352720000000E+02,-0.124121784000000E+03
0.437366680000000E+02,-0.124120840000000E+03
0.437362800000000E+02,-0.124119609000000E+03
0.437340620000000E+02,-0.124118503000000E+03
0.437251430000000E+02,-0.124119914000000E+03
0.437245250000000E+02,-0.124120071000000E+03
0.437244560000000E+02,-0.124120575000000E+03
END
0.437329690000000E+02,-0.124142052000000E+03
0.437389390000000E+02,-0.124145676000000E+03
0.437400820000000E+02,-0.124145265000000E+03
0.437392560000000E+02,-0.124139304000000E+03
0.437373570000000E+02,-0.124135300000000E+03
0.437364660000000E+02,-0.124138297000000E+03
0.437329690000000E+02,-0.124142052000000E+03
END
0.437116370000000E+02,-0.124080969000000E+03
0.437143850000000E+02,-0.124077372000000E+03
0.437179760000000E+02,-0.124075166000000E+03
0.437210630000000E+02,-0.124075829000000E+03
0.437231900000000E+02,-0.124079708000000E+03
0.437286540000000E+02,-0.124084977000000E+03
0.437306660000000E+02,-0.124085230000000E+03
0.437324960000000E+02,-0.124082517000000E+03
0.437350130000000E+02,-0.124070376000000E+03
0.437374840000000E+02,-0.124063943000000E+03
0.437373920000000E+02,-0.124061798000000E+03
0.437359060000000E+02,-0.124056057000000E+03
0.437357680000000E+02,-0.124047511000000E+03
0.437338000000000E+02,-0.124040572000000E+03
0.437345080000000E+02,-0.124038900000000E+03
0.437336660000000E+02,-0.124035715000000E+03
0.437336660000000E+02,-0.124035715000000E+03
0.437321530000000E+02,-0.124037640000000E+03
0.437327480000000E+02,-0.124041235000000E+03
0.437349210000000E+02,-0.124045240000000E+03
0.437354020000000E+02,-0.124048488000000E+03
0.437351960000000E+02,-0.124050917000000E+03
0.437347850000000E+02,-0.124050349000000E+03
0.437346240000000E+02,-0.124047164000000E+03
0.437337320000000E+02,-0.124045430000000E+03
0.437295470000000E+02,-0.124043980000000E+03
0.437270770000000E+02,-0.124045999000000E+03
0.437227090000000E+02,-0.124047703000000E+03
0.437217020000000E+02,-0.124046600000000E+03
0.437179520000000E+02,-0.124047893000000E+03
0.437158480000000E+02,-0.124048871000000E+03
0.437119380000000E+02,-0.124053285000000E+03
0.437110240000000E+02,-0.124055808000000E+03
0.437085080000000E+02,-0.124059748000000E+03
0.437060160000000E+02,-0.124061041000000E+03
0.437053750000000E+02,-0.124065864000000E+03
0.437071590000000E+02,-0.124071161000000E+03
0.437116370000000E+02,-0.124080969000000E+03
END
0.437250950000000E+02,-0.124123414000000E+03
0.437261690000000E+02,-0.124125528000000E+03
0.437277940000000E+02,-0.124126696000000E+03
0.437337380000000E+02,-0.124125788000000E+03
0.437332350000000E+02,-0.124124905000000E+03
0.437307440000000E+02,-0.124123420000000E+03
0.437256440000000E+02,-0.124123099000000E+03
0.437250950000000E+02,-0.124123414000000E+03
END
0.437170010000000E+02,-0.124099535000000E+03
0.437154560000000E+02,-0.124096164000000E+03
0.437134890000000E+02,-0.124093893000000E+03
0.437119570000000E+02,-0.124092915000000E+03
0.437109280000000E+02,-0.124093198000000E+03
0.437098760000000E+02,-0.124094774000000E+03
0.437108630000000E+02,-0.124100101000000E+03
0.437124350000000E+02,-0.124104579000000E+03
0.437133260000000E+02,-0.124105494000000E+03
0.437192480000000E+02,-0.124107770000000E+03
0.437194780000000E+02,-0.124106602000000E+03
0.437172150000000E+02,-0.124101777000000E+03
0.437170010000000E+02,-0.124099535000000E+03
END
0.436678250000000E+02,-0.124203028000000E+03
0.436697010000000E+02,-0.124198617000000E+03
0.436689230000000E+02,-0.124197388000000E+03
0.436691980000000E+02,-0.124194711000000E+03
0.436707990000000E+02,-0.124192978000000E+03
0.436747780000000E+02,-0.124191655000000E+03
0.436756930000000E+02,-0.124189608000000E+03
0.436750750000000E+02,-0.124189261000000E+03
0.436751900000000E+02,-0.124188442000000E+03
0.436769960000000E+02,-0.124187371000000E+03
0.436805410000000E+02,-0.124187780000000E+03
0.436821640000000E+02,-0.124187308000000E+03
0.436818252819336E+02,-0.124185108580078E+03
0.436758070000000E+02,-0.124184693000000E+03
0.436758980000000E+02,-0.124180975000000E+03
0.436819350000000E+02,-0.124181951000000E+03
0.436833760000000E+02,-0.124183054000000E+03
0.436828270000000E+02,-0.124184251000000E+03
0.436832436341797E+02,-0.124184642132617E+03
0.436842220000000E+02,-0.124183652000000E+03
0.436824890715820E+02,-0.124181295777148E+03
0.436755550000000E+02,-0.124179431000000E+03
0.436751890000000E+02,-0.124178170000000E+03
0.436781620000000E+02,-0.124176689000000E+03
0.436796940000000E+02,-0.124178202000000E+03
0.436846570000000E+02,-0.124179556000000E+03
0.436865090000000E+02,-0.124178989000000E+03
0.436873550000000E+02,-0.124178232000000E+03
0.436886580000000E+02,-0.124173347000000E+03
0.436905320000000E+02,-0.124168808000000E+03
0.436922020000000E+02,-0.124167390000000E+03
0.436948530000000E+02,-0.124163481000000E+03
0.436946020000000E+02,-0.124162598000000E+03
0.436925210000000E+02,-0.124161937000000E+03
0.436950130000000E+02,-0.124160550000000E+03
0.436983970000000E+02,-0.124160012000000E+03
0.436994490000000E+02,-0.124159224000000E+03
0.437005920000000E+02,-0.124157301000000E+03
0.436995390000000E+02,-0.124153897000000E+03
0.437007960000000E+02,-0.124152857000000E+03
0.437016430000000E+02,-0.124153802000000E+03
0.437021920000000E+02,-0.124156071000000E+03
0.437042750000000E+02,-0.124157362000000E+03
0.437087560000000E+02,-0.124154649000000E+03
0.437091210000000E+02,-0.124152284000000E+03
0.437096470000000E+02,-0.124151811000000E+03
0.437133750000000E+02,-0.124153196000000E+03
0.437175820000000E+02,-0.124149946000000E+03
0.437184960000000E+02,-0.124148338000000E+03
0.437203480000000E+02,-0.124146759000000E+03
0.437207140000000E+02,-0.124146980000000E+03
0.437263380000000E+02,-0.124143823000000E+03
0.437309790000000E+02,-0.124142211000000E+03
0.437357120000000E+02,-0.124138266000000E+03
0.437364190000000E+02,-0.124136089000000E+03
0.437364190000000E+02,-0.124134197000000E+03
0.437355260000000E+02,-0.124132463000000E+03
0.437334440000000E+02,-0.124130825000000E+03
0.437289610000000E+02,-0.124129252000000E+03
0.437230160000000E+02,-0.124129636000000E+03
0.437203170000000E+02,-0.124128977000000E+03
0.437203390000000E+02,-0.124127999000000E+03
0.437207740000000E+02,-0.124127684000000E+03
0.437222370000000E+02,-0.124127588000000E+03
0.437223730000000E+02,-0.124126223000000E+03
0.437154940000000E+02,-0.124117509000000E+03
0.437109470000000E+02,-0.124109497000000E+03
0.437093910000000E+02,-0.124109117000000E+03
0.437043360000000E+02,-0.124110500000000E+03
0.437020930000000E+02,-0.124114628000000E+03
0.436998740000000E+02,-0.124116107000000E+03
0.436979080000000E+02,-0.124116200000000E+03
0.436949130000000E+02,-0.124114496000000E+03
0.436946620000000E+02,-0.124112666000000E+03
0.436955780000000E+02,-0.124109957000000E+03
0.436976600000000E+02,-0.124108193000000E+03
0.436979120000000E+02,-0.124106870000000E+03
0.436971120000000E+02,-0.124104978000000E+03
0.436940710000000E+02,-0.124104062000000E+03
0.436928140000000E+02,-0.124102612000000E+03
0.436926080000000E+02,-0.124101666000000E+03
0.436937070000000E+02,-0.124097538000000E+03
0.436942560000000E+02,-0.124097003000000E+03
0.436945300000000E+02,-0.124098673000000E+03
0.436953540000000E+02,-0.124096531000000E+03
0.436929090000000E+02,-0.124088838000000E+03
0.436930470000000E+02,-0.124085466000000E+03
0.436909890000000E+02,-0.124082944000000E+03
0.436881320000000E+02,-0.124077460000000E+03
0.436873090000000E+02,-0.124073867000000E+03
0.436878120000000E+02,-0.124071787000000E+03
0.436908070000000E+02,-0.124081621000000E+03
0.436933220000000E+02,-0.124083418000000E+03
0.436939160000000E+02,-0.124085309000000E+03
0.436935720000000E+02,-0.124088335000000E+03
0.436962470000000E+02,-0.124093884000000E+03
0.436956970000000E+02,-0.124097854000000E+03
0.436937970000000E+02,-0.124102518000000E+03
0.436943690000000E+02,-0.124103054000000E+03
0.436962440000000E+02,-0.124103244000000E+03
0.436975240000000E+02,-0.124104128000000E+03
0.436984830000000E+02,-0.124107280000000E+03
0.436977740000000E+02,-0.124109391000000E+03
0.436951880000000E+02,-0.124113109000000E+03
0.436953020000000E+02,-0.124114118000000E+03
0.436980000000000E+02,-0.124115129000000E+03
0.437000120000000E+02,-0.124114815000000E+03
0.437007670000000E+02,-0.124114312000000E+03
0.437026210000000E+02,-0.124110404000000E+03
0.437046800000000E+02,-0.124108766000000E+03
0.437074930000000E+02,-0.124107634000000E+03
0.437077230000000E+02,-0.124104734000000E+03
0.437059820000000E+02,-0.124101668000000E+03
0.437063750000000E+02,-0.124101265000000E+03
0.437066490000000E+02,-0.124101581000000E+03
0.437085508962891E+02,-0.124104829085156E+03
0.437091320000000E+02,-0.124103640000000E+03
0.437074280000000E+02,-0.124098649000000E+03
0.437058130000000E+02,-0.124096431000000E+03
0.437047530000000E+02,-0.124094897000000E+03
0.437018050000000E+02,-0.124087487000000E+03
0.436978510000000E+02,-0.124074153000000E+03
0.436921800000000E+02,-0.124066020000000E+03
0.436909680000000E+02,-0.124061955000000E+03
0.436911510000000E+02,-0.124056661000000E+03
0.436918600000000E+02,-0.124053982000000E+03
0.436920660000000E+02,-0.124055431000000E+03
0.436925460000000E+02,-0.124055116000000E+03
0.436943070000000E+02,-0.124049726000000E+03
0.436960660000000E+02,-0.124040144000000E+03
0.436971820000000E+02,-0.124023880000000E+03
0.436971540000000E+02,-0.124011525000000E+03
0.436928060000000E+02,-0.123995382000000E+03
0.436912130000000E+02,-0.123977763000000E+03
0.436889070000000E+02,-0.123965660000000E+03
0.436871010000000E+02,-0.123961531000000E+03
0.436853410000000E+02,-0.123955480000000E+03
0.436829870000000E+02,-0.123941866000000E+03
0.436801970000000E+02,-0.123936351000000E+03
0.436753030000000E+02,-0.123929956000000E+03
0.436655370000000E+02,-0.123921672000000E+03
0.436605970000000E+02,-0.123919908000000E+03
0.436595910000000E+02,-0.123918743000000E+03
0.436543290000000E+02,-0.123910776000000E+03
0.436507590000000E+02,-0.123902936000000E+03
0.436507590000000E+02,-0.123902936000000E+03
0.436504440000000E+02,-0.123903107000000E+03
0.436495690000000E+02,-0.123900228000000E+03
0.436496810000000E+02,-0.123892512000000E+03
0.436514380000000E+02,-0.123883093000000E+03
0.436542260000000E+02,-0.123876728000000E+03
0.436501760000000E+02,-0.123874370000000E+03
0.436486670000000E+02,-0.123874116000000E+03
0.436486450000000E+02,-0.123878025000000E+03
0.436479610000000E+02,-0.123881238000000E+03
0.436471830000000E+02,-0.123881869000000E+03
0.436456970000000E+02,-0.123881965000000E+03
0.436440260000000E+02,-0.123878975000000E+03
0.436447120000000E+02,-0.123872317000000E+03
0.436437750000000E+02,-0.123869640000000E+03
0.436418550000000E+02,-0.123868788000000E+03
0.436379900000000E+02,-0.123868784000000E+03
0.436334630000000E+02,-0.123865065000000E+03
0.436303310000000E+02,-0.123863519000000E+03
0.436252840000000E+02,-0.123863074000000E+03
0.436245340000000E+02,-0.123865027000000E+03
0.436257320000000E+02,-0.123869245000000E+03
0.436258680000000E+02,-0.123871355000000E+03
0.436252360000000E+02,-0.123872330000000E+03
0.436243950000000E+02,-0.123872331000000E+03
0.436161570000000E+02,-0.123862061000000E+03
0.436146710000000E+02,-0.123859132000000E+03
0.436149470000000E+02,-0.123856079000000E+03
0.436158390000000E+02,-0.123854600000000E+03
0.436156800000000E+02,-0.123852460000000E+03
0.436149490000000E+02,-0.123851421000000E+03
0.436122270000000E+02,-0.123850632000000E+03
0.436106270000000E+02,-0.123849120000000E+03
0.436097370000000E+02,-0.123842353000000E+03
0.436099210000000E+02,-0.123837033000000E+03
0.436124130000000E+02,-0.123842134000000E+03
0.436156370000000E+02,-0.123845409000000E+03
0.436178780000000E+02,-0.123845442000000E+03
0.436233920000000E+02,-0.123840408000000E+03
0.436233470000000E+02,-0.123833640000000E+03
0.436214660000000E+02,-0.123827272000000E+03
0.436189810000000E+02,-0.123822211000000E+03
0.436182950000000E+02,-0.123821865000000E+03
0.436164420000000E+02,-0.123822714000000E+03
0.436156870000000E+02,-0.123825295000000E+03
0.436149560000000E+02,-0.123825389000000E+03
0.436130580000000E+02,-0.123824476000000E+03
0.436100850000000E+02,-0.123820447000000E+03
0.436112520000000E+02,-0.123815632000000E+03
0.436133780000000E+02,-0.123811918000000E+03
0.436098920000000E+02,-0.123802233000000E+03
0.436098920000000E+02,-0.123802233000000E+03
0.436093300000000E+02,-0.123800429000000E+03
0.436086420000000E+02,-0.123789729000000E+03
0.436064920000000E+02,-0.123786897000000E+03
0.436034810000000E+02,-0.123784595000000E+03
0.435971920000000E+02,-0.123783240000000E+03
0.435966570000000E+02,-0.123782622000000E+03
0.435959470000000E+02,-0.123779066000000E+03
0.435962430000000E+02,-0.123775069000000E+03
0.435867900000000E+02,-0.123756576000000E+03
0.435842280000000E+02,-0.123755540000000E+03
0.435811410000000E+02,-0.123755417000000E+03
0.435735260000000E+02,-0.123756398000000E+03
0.435710080000000E+02,-0.123752721000000E+03
0.435566930000000E+02,-0.123745373000000E+03
0.435576780000000E+02,-0.123741160000000E+03
0.435596100000000E+02,-0.123737298000000E+03
0.435596150000000E+02,-0.123705055000000E+03
0.435612300000000E+02,-0.123705055000000E+03
0.435612730000000E+02,-0.123684483000000E+03
0.435583310000000E+02,-0.123682952000000E+03
0.435601830000000E+02,-0.123680405000000E+03
0.435618980000000E+02,-0.123676316000000E+03
0.435633160000000E+02,-0.123671064000000E+03
0.435630180000000E+02,-0.123668957000000E+03
0.435612560000000E+02,-0.123666347000000E+03
0.435612560000000E+02,-0.123666347000000E+03
0.435520610000000E+02,-0.123664683000000E+03
0.435434150000000E+02,-0.123657770000000E+03
0.435425910000000E+02,-0.123656670000000E+03
0.435428420000000E+02,-0.123652991000000E+03
0.435420170000000E+02,-0.123648433000000E+03
0.435366650000000E+02,-0.123648374000000E+03
0.435355450000000E+02,-0.123649255000000E+03
0.435298020000000E+02,-0.123643349000000E+03
0.435298020000000E+02,-0.123643349000000E+03
0.435287050000000E+02,-0.123644544000000E+03
0.435285910000000E+02,-0.123645424000000E+03
0.435304430000000E+02,-0.123645895000000E+03
0.435314960000000E+02,-0.123647780000000E+03
0.435322060000000E+02,-0.123650954000000E+03
0.435313840000000E+02,-0.123655450000000E+03
0.435305620000000E+02,-0.123657336000000E+03
0.435300610000000E+02,-0.123666860000000E+03
0.435287570000000E+02,-0.123667552000000E+03
0.435247090000000E+02,-0.123665008000000E+03
0.435192640000000E+02,-0.123660139000000E+03
0.435178460000000E+02,-0.123660014000000E+03
0.435153320000000E+02,-0.123667274000000E+03
0.435154240000000E+02,-0.123671925000000E+03
0.435175290000000E+02,-0.123674281000000E+03
0.435174380000000E+02,-0.123679686000000E+03
0.435147850000000E+02,-0.123685312000000E+03
0.435116520000000E+02,-0.123688328000000E+03
0.435067120000000E+02,-0.123696717000000E+03
0.435052480000000E+02,-0.123702090000000E+03
0.435051330000000E+02,-0.123705263000000E+03
0.435019990000000E+02,-0.123709032000000E+03
0.434929270000000E+02,-0.123715282000000E+03
0.434872090000000E+02,-0.123715876000000E+03
0.434831840000000E+02,-0.123718073000000E+03
0.434826120000000E+02,-0.123719109000000E+03
0.434797660000000E+02,-0.123733717000000E+03
0.434906540000000E+02,-0.123739782000000E+03
0.434931700000000E+02,-0.123738842000000E+03
0.434989800000000E+02,-0.123738438000000E+03
0.435137900000000E+02,-0.123746302000000E+03
0.435150660000000E+02,-0.123751207000000E+03
0.435161320000000E+02,-0.123757628000000E+03
0.435161230000000E+02,-0.123760096000000E+03
0.435128300000000E+02,-0.123761953000000E+03
0.435121240000000E+02,-0.123766887000000E+03
0.435107080000000E+02,-0.123772168000000E+03
0.435099760000000E+02,-0.123772671000000E+03
0.435067740000000E+02,-0.123772201000000E+03
0.435037800000000E+02,-0.123778048000000E+03
0.435033010000000E+02,-0.123782572000000E+03
0.435040560000000E+02,-0.123783640000000E+03
0.435079200000000E+02,-0.123780213000000E+03
0.435116910000000E+02,-0.123778784000000E+03
0.435088810000000E+02,-0.123780653000000E+03
0.435072350000000E+02,-0.123785712000000E+03
0.435052940000000E+02,-0.123796238000000E+03
0.435065520000000E+02,-0.123800228000000E+03
0.435074670000000E+02,-0.123800322000000E+03
0.435080840000000E+02,-0.123799694000000E+03
0.435125430000000E+02,-0.123794445000000E+03
0.435141890000000E+02,-0.123791742000000E+03
0.435154460000000E+02,-0.123788505000000E+03
0.435152860000000E+02,-0.123785331000000E+03
0.435164840000000E+02,-0.123783679000000E+03
0.435195020000000E+02,-0.123781140000000E+03
0.435210550000000E+02,-0.123782277000000E+03
0.435235380000000E+02,-0.123791310000000E+03
0.435235810000000E+02,-0.123792006000000E+03
0.435226070000000E+02,-0.123793064000000E+03
0.435216650000000E+02,-0.123793117000000E+03
0.435210500000000E+02,-0.123791507000000E+03
0.435206240000000E+02,-0.123794648000000E+03
0.435166670000000E+02,-0.123802022000000E+03
0.435136420000000E+02,-0.123804187000000E+03
0.435113100000000E+02,-0.123806795000000E+03
0.435102350000000E+02,-0.123808932000000E+03
0.435100220000000E+02,-0.123810464000000E+03
0.435105720000000E+02,-0.123811752000000E+03
0.435132080000000E+02,-0.123813803000000E+03
0.435142370000000E+02,-0.123812671000000E+03
0.435156320000000E+02,-0.123812200000000E+03
0.435177130000000E+02,-0.123814305000000E+03
0.435160630000000E+02,-0.123820220000000E+03
0.435159490000000E+02,-0.123875529000000E+03
0.436082540000000E+02,-0.123875424000000E+03
0.436084170000000E+02,-0.123875988000000E+03
0.436085080000000E+02,-0.123888687000000E+03
0.436085760000000E+02,-0.123949539000000E+03
0.436093860000000E+02,-0.123957838000000E+03
0.436093630000000E+02,-0.123979227000000E+03
0.436093630000000E+02,-0.123979227000000E+03
0.436093510000000E+02,-0.123999501000000E+03
0.436100010000000E+02,-0.124001216000000E+03
0.436108290000000E+02,-0.124144426000000E+03
0.436108370000000E+02,-0.124145413000000E+03
0.436109420000000E+02,-0.124158839000000E+03
0.436109420000000E+02,-0.124158839000000E+03
0.436109600000000E+02,-0.124161149000000E+03
0.436109600000000E+02,-0.124161149000000E+03
0.436110350000000E+02,-0.124170875000000E+03
0.436110350000000E+02,-0.124170875000000E+03
0.436110720000000E+02,-0.124175655000000E+03
0.436110720000000E+02,-0.124175655000000E+03
0.436111120000000E+02,-0.124180803000000E+03
0.436111120000000E+02,-0.124180803000000E+03
0.436111000000000E+02,-0.124183654000000E+03
0.436104960000000E+02,-0.124183693000000E+03
0.436103154296075E+02,-0.124218876836482E+03
0.436103154296075E+02,-0.124218876836482E+03
0.436345239959657E+02,-0.124212205292823E+03
0.436616804133477E+02,-0.124204721362486E+03
0.436678250000000E+02,-0.124203028000000E+03
END
