0.442258010000000E+02,-0.122905318000000E+03
0.442296630000000E+02,-0.122897383000000E+03
0.442311450000000E+02,-0.122885932000000E+03
0.442280340000000E+02,-0.122868139000000E+03
0.442223440000000E+02,-0.122862347000000E+03
0.442216050000000E+02,-0.122878244000000E+03
0.442212170000000E+02,-0.122873539000000E+03
0.442195510000000E+02,-0.122869086000000E+03
0.442182710000000E+02,-0.122867622000000E+03
0.442126230000000E+02,-0.122866154000000E+03
0.442095810000000E+02,-0.122867805000000E+03
0.442087110000000E+02,-0.122869838000000E+03
0.442035630000000E+02,-0.122873648000000E+03
0.442024650000000E+02,-0.122874092000000E+03
0.442018480000000E+02,-0.122873869000000E+03
0.442017350000000E+02,-0.122870722000000E+03
0.441995440000000E+02,-0.122862073000000E+03
0.442003960000000E+02,-0.122845766000000E+03
0.441988890000000E+02,-0.122836325000000E+03
0.441944060000000E+02,-0.122837531000000E+03
0.441891680000000E+02,-0.122843885000000E+03
0.441852080000000E+02,-0.122849901000000E+03
0.441756170000000E+02,-0.122858977000000E+03
0.441721490000000E+02,-0.122858364000000E+03
0.441692570000000E+02,-0.122851955000000E+03
0.441653370000000E+02,-0.122851973000000E+03
0.441592710000000E+02,-0.122865597000000E+03
0.441550840000000E+02,-0.122870643000000E+03
0.441511500000000E+02,-0.122870385000000E+03
0.441477440000000E+02,-0.122868445000000E+03
0.441468990000000E+02,-0.122866888000000E+03
0.441474950000000E+02,-0.122862029000000E+03
0.441443200000000E+02,-0.122854596000000E+03
0.441434270000000E+02,-0.122856596000000E+03
0.441434720000000E+02,-0.122858469000000E+03
0.441424880000000E+02,-0.122859707000000E+03
0.441412990000000E+02,-0.122859770000000E+03
0.441397220000000E+02,-0.122858181000000E+03
0.441388310000000E+02,-0.122854305000000E+03
0.441390380000000E+02,-0.122852590000000E+03
0.441404110000000E+02,-0.122849670000000E+03
0.441392000000000E+02,-0.122844239000000E+03
0.441396590000000E+02,-0.122839762000000E+03
0.441402990000000E+02,-0.122838143000000E+03
0.441426780000000E+02,-0.122837826000000E+03
0.441477540000000E+02,-0.122839003000000E+03
0.441562620000000E+02,-0.122837451000000E+03
0.441576110000000E+02,-0.122837007000000E+03
0.441617970000000E+02,-0.122831736000000E+03
0.441649530000000E+02,-0.122829417000000E+03
0.441659590000000E+02,-0.122829354000000E+03
0.441691150000000E+02,-0.122831611000000E+03
0.441708070000000E+02,-0.122831008000000E+03
0.441713570000000E+02,-0.122822493000000E+03
0.441692990000000E+02,-0.122814771000000E+03
0.441690250000000E+02,-0.122812420000000E+03
0.441694240000000E+02,-0.122808390000000E+03
0.441658450000000E+02,-0.122796377000000E+03
0.441654780000000E+02,-0.122791199000000E+03
0.441604670000000E+02,-0.122778112000000E+03
0.441585400000000E+02,-0.122761342000000E+03
0.441560210000000E+02,-0.122754927000000E+03
0.441528000000000E+02,-0.122751332000000E+03
0.441528000000000E+02,-0.122751332000000E+03
0.441517670000000E+02,-0.122753787000000E+03
0.441522960000000E+02,-0.122760266000000E+03
0.441508120000000E+02,-0.122764460000000E+03
0.441502860000000E+02,-0.122765064000000E+03
0.441495310000000E+02,-0.122765065000000E+03
0.441469010000000E+02,-0.122763638000000E+03
0.441420480000000E+02,-0.122749438000000E+03
0.441421420000000E+02,-0.122744896000000E+03
0.441430570000000E+02,-0.122743278000000E+03
0.441428520000000E+02,-0.122741626000000E+03
0.441408640000000E+02,-0.122737591000000E+03
0.441387380000000E+02,-0.122737844000000E+03
0.441384630000000E+02,-0.122737431000000E+03
0.441386940000000E+02,-0.122732763000000E+03
0.441390370000000E+02,-0.122732795000000E+03
0.441412090000000E+02,-0.122734511000000E+03
0.441428540000000E+02,-0.122736926000000E+03
0.441450720000000E+02,-0.122738103000000E+03
0.441478210000000E+02,-0.122726132000000E+03
0.441453290000000E+02,-0.122722574000000E+03
0.441447590000000E+02,-0.122716348000000E+03
0.441427250000000E+02,-0.122711838000000E+03
0.441427250000000E+02,-0.122711838000000E+03
0.441413530000000E+02,-0.122711456000000E+03
0.441410330000000E+02,-0.122711869000000E+03
0.441402310000000E+02,-0.122716727000000E+03
0.441393160000000E+02,-0.122717362000000E+03
0.441366870000000E+02,-0.122714312000000E+03
0.441353380000000E+02,-0.122713613000000E+03
0.441340350000000E+02,-0.122713644000000E+03
0.441316100000000E+02,-0.122715326000000E+03
0.441261670000000E+02,-0.122715386000000E+03
0.441174320000000E+02,-0.122709001000000E+03
0.441152600000000E+02,-0.122708238000000E+03
0.441126070000000E+02,-0.122709031000000E+03
0.441088570000000E+02,-0.122708934000000E+03
0.441073240000000E+02,-0.122708552000000E+03
0.441039400000000E+02,-0.122706615000000E+03
0.441015620000000E+02,-0.122706615000000E+03
0.440961820000000E+02,-0.122707619000000E+03
0.441005340000000E+02,-0.122692492000000E+03
0.440989790000000E+02,-0.122694332000000E+03
0.440979800000000E+02,-0.122696521000000E+03
0.440956100000000E+02,-0.122694133000000E+03
0.440998250000000E+02,-0.122688208000000E+03
0.441022490000000E+02,-0.122686780000000E+03
0.441039870000000E+02,-0.122684463000000E+03
0.441045130000000E+02,-0.122683035000000E+03
0.441045130000000E+02,-0.122679258000000E+03
0.441056100000000E+02,-0.122673894000000E+03
0.441102500000000E+02,-0.122660403000000E+03
0.441121230000000E+02,-0.122653261000000E+03
0.441120310000000E+02,-0.122652055000000E+03
0.441098110000000E+02,-0.122648215000000E+03
0.441094220000000E+02,-0.122645517000000E+03
0.441109050000000E+02,-0.122639264000000E+03
0.441117510000000E+02,-0.122637771000000E+03
0.441225640000000E+02,-0.122629572000000E+03
0.441259980000000E+02,-0.122617272000000E+03
0.441259790000000E+02,-0.122612083000000E+03
0.441259790000000E+02,-0.122612083000000E+03
0.441201480000000E+02,-0.122604852000000E+03
0.441145480000000E+02,-0.122593548000000E+03
0.441116910000000E+02,-0.122590054000000E+03
0.441052870000000E+02,-0.122588718000000E+03
0.441030230000000E+02,-0.122589162000000E+03
0.441030230000000E+02,-0.122589162000000E+03
0.441036170000000E+02,-0.122590368000000E+03
0.441098140000000E+02,-0.122596910000000E+03
0.441109570000000E+02,-0.122597609000000E+03
0.441115280000000E+02,-0.122598720000000E+03
0.441090110000000E+02,-0.122603257000000E+03
0.441055800000000E+02,-0.122606619000000E+03
0.441047340000000E+02,-0.122607348000000E+03
0.441023320000000E+02,-0.122607441000000E+03
0.441022400000000E+02,-0.122608520000000E+03
0.441031080000000E+02,-0.122611028000000E+03
0.441098510000000E+02,-0.122619985000000E+03
0.441103070000000E+02,-0.122622556000000E+03
0.441087510000000E+02,-0.122624554000000E+03
0.441054800000000E+02,-0.122627335000000E+03
0.441049100000000E+02,-0.122630191000000E+03
0.441060770000000E+02,-0.122632983000000E+03
0.441063540000000E+02,-0.122637807000000E+03
0.441054420000000E+02,-0.122643934000000E+03
0.441069070000000E+02,-0.122646789000000E+03
0.441087160000000E+02,-0.122654501000000E+03
0.441078480000000E+02,-0.122659928000000E+03
0.441066220000000E+02,-0.122663582000000E+03
0.441036170000000E+02,-0.122659549000000E+03
0.440999340000000E+02,-0.122653267000000E+03
0.440971660000000E+02,-0.122651968000000E+03
0.440957950000000E+02,-0.122653016000000E+03
0.440899860000000E+02,-0.122653399000000E+03
0.440867610000000E+02,-0.122650578000000E+03
0.440813470000000E+02,-0.122649433000000E+03
0.440810670000000E+02,-0.122651311000000E+03
0.440825540000000E+02,-0.122654736000000E+03
0.440844080000000E+02,-0.122661175000000E+03
0.440828990000000E+02,-0.122661811000000E+03
0.440809800000000E+02,-0.122668696000000E+03
0.440808880000000E+02,-0.122670029000000E+03
0.440814370000000E+02,-0.122670980000000E+03
0.440813690000000E+02,-0.122674819000000E+03
0.440773900000000E+02,-0.122678309000000E+03
0.440730450000000E+02,-0.122677676000000E+03
0.440668710000000E+02,-0.122680563000000E+03
0.440670770000000E+02,-0.122691632000000E+03
0.440679920000000E+02,-0.122696390000000E+03
0.440697070000000E+02,-0.122696993000000E+03
0.440716740000000E+02,-0.122696835000000E+03
0.440728170000000E+02,-0.122697596000000E+03
0.440834040000000E+02,-0.122707972000000E+03
0.440879150000000E+02,-0.122713862000000E+03
0.440877020000000E+02,-0.122714415000000E+03
0.440833770000000E+02,-0.122723614000000E+03
0.440822120000000E+02,-0.122719774000000E+03
0.440827620000000E+02,-0.122716253000000E+03
0.440807880000000E+02,-0.122714489000000E+03
0.440783490000000E+02,-0.122713522000000E+03
0.440767480000000E+02,-0.122713553000000E+03
0.440733400000000E+02,-0.122715043000000E+03
0.440713510000000E+02,-0.122715137000000E+03
0.440673270000000E+02,-0.122711678000000E+03
0.440618930000000E+02,-0.122711174000000E+03
0.440616550000000E+02,-0.122713451000000E+03
0.440625220000000E+02,-0.122720873000000E+03
0.440591800000000E+02,-0.122729148000000E+03
0.440544680000000E+02,-0.122733172000000E+03
0.440528420000000E+02,-0.122738879000000E+03
0.440522680000000E+02,-0.122744111000000E+03
0.440542100000000E+02,-0.122746522000000E+03
0.440543460000000E+02,-0.122749472000000E+03
0.440519900000000E+02,-0.122750199000000E+03
0.440486740000000E+02,-0.122750448000000E+03
0.440441690000000E+02,-0.122755233000000E+03
0.440409050000000E+02,-0.122756817000000E+03
0.440378010000000E+02,-0.122756705000000E+03
0.440378650000000E+02,-0.122757985000000E+03
0.440422650000000E+02,-0.122763746000000E+03
0.440444250000000E+02,-0.122765714000000E+03
0.440467130000000E+02,-0.122766578000000E+03
0.440513690000000E+02,-0.122780131000000E+03
0.440498010000000E+02,-0.122779603000000E+03
0.440425210000000E+02,-0.122783970000000E+03
0.440413530000000E+02,-0.122785026000000E+03
0.440411770000000E+02,-0.122786771000000E+03
0.440365850000000E+02,-0.122786882000000E+03
0.440355130000000E+02,-0.122786146000000E+03
0.440349850000000E+02,-0.122784898000000E+03
0.440359450000000E+02,-0.122777138000000E+03
0.440329370000000E+02,-0.122764849000000E+03
0.440280250000000E+02,-0.122777954000000E+03
0.440284410000000E+02,-0.122784946000000E+03
0.440267610000000E+02,-0.122787442000000E+03
0.440256570000000E+02,-0.122786786000000E+03
0.440247450000000E+02,-0.122787058000000E+03
0.440216890000000E+02,-0.122790162000000E+03
0.440209050000000E+02,-0.122796194000000E+03
0.440219290000000E+02,-0.122800642000000E+03
0.440222490000000E+02,-0.122804819000000E+03
0.440207120000000E+02,-0.122811987000000E+03
0.440167610000000E+02,-0.122811491000000E+03
0.440130970000000E+02,-0.122809442000000E+03
0.440114970000000E+02,-0.122805554000000E+03
0.440108250000000E+02,-0.122801090000000E+03
0.440082810000000E+02,-0.122796786000000E+03
0.440010010000000E+02,-0.122789537000000E+03
0.440010010000000E+02,-0.122789537000000E+03
0.439988600000000E+02,-0.122792174000000E+03
0.439962540000000E+02,-0.122799779000000E+03
0.439953620000000E+02,-0.122799843000000E+03
0.439928220000000E+02,-0.122791258000000E+03
0.439928253355469E+02,-0.122787551748828E+03
0.439935980000000E+02,-0.122785556000000E+03
0.439947110000000E+02,-0.122784815000000E+03
0.439902530000000E+02,-0.122784582000000E+03
0.439902660000000E+02,-0.122804507000000E+03
0.439829940000000E+02,-0.122804328000000E+03
0.439828700000000E+02,-0.122829358000000E+03
0.439847710000000E+02,-0.122837916000000E+03
0.439864170000000E+02,-0.122840545000000E+03
0.439899380000000E+02,-0.122842384000000E+03
0.439939840000000E+02,-0.122850877000000E+03
0.439959480000000E+02,-0.122857467000000E+03
0.439948230000000E+02,-0.122867254000000E+03
0.439935400000000E+02,-0.122872163000000E+03
0.439934240000000E+02,-0.122875204000000E+03
0.439947080000000E+02,-0.122883348000000E+03
0.439959720000000E+02,-0.122898711000000E+03
0.439966140000000E+02,-0.122903907000000E+03
0.439969830000000E+02,-0.122904074000000E+03
0.439969830000000E+02,-0.122904074000000E+03
0.440014480000000E+02,-0.122905790000000E+03
0.440045480000000E+02,-0.122912290000000E+03
0.440118480000000E+02,-0.122919191000000E+03
0.440141480000000E+02,-0.122923391000000E+03
0.440141480000000E+02,-0.122926291000000E+03
0.440103480000000E+02,-0.122931891000000E+03
0.440100480000000E+02,-0.122934191000000E+03
0.440123480000000E+02,-0.122936291000000E+03
0.440167480000000E+02,-0.122935091000000E+03
0.440194480000000E+02,-0.122938992000000E+03
0.440205470000000E+02,-0.122944992000000E+03
0.440234470000000E+02,-0.122947492000000E+03
0.440244470000000E+02,-0.122956192000000E+03
0.440256470000000E+02,-0.122960092000000E+03
0.440248470000000E+02,-0.122961693000000E+03
0.440248470000000E+02,-0.122961693000000E+03
0.440332840000000E+02,-0.122979456000000E+03
0.440367470000000E+02,-0.122982693000000E+03
0.440408470000000E+02,-0.122980493000000E+03
0.440411470000000E+02,-0.122986894000000E+03
0.440459470000000E+02,-0.122986994000000E+03
0.440460470000000E+02,-0.122984794000000E+03
0.440620050000000E+02,-0.122984828000000E+03
0.440602360000000E+02,-0.122968131000000E+03
0.440674470000000E+02,-0.122970094000000E+03
0.440690470000000E+02,-0.122967093000000E+03
0.440691470000000E+02,-0.122963493000000E+03
0.440691470000000E+02,-0.122963493000000E+03
0.440694150000000E+02,-0.122962777000000E+03
0.440685830000000E+02,-0.122961609000000E+03
0.440666470000000E+02,-0.122963393000000E+03
0.440627470000000E+02,-0.122965093000000E+03
0.440603910000000E+02,-0.122963497000000E+03
0.440596470000000E+02,-0.122960393000000E+03
0.440610470000000E+02,-0.122955493000000E+03
0.440669470000000E+02,-0.122949393000000E+03
0.440707470000000E+02,-0.122942893000000E+03
0.440707470000000E+02,-0.122936092000000E+03
0.440682470000000E+02,-0.122928892000000E+03
0.440659270000000E+02,-0.122925288000000E+03
0.440650160000000E+02,-0.122917384000000E+03
0.440684480000000E+02,-0.122914692000000E+03
0.440665480000000E+02,-0.122907291000000E+03
0.440614843322266E+02,-0.122898585566797E+03
0.440612180000000E+02,-0.122896245000000E+03
0.440621360000000E+02,-0.122899271000000E+03
0.440650640000000E+02,-0.122902727000000E+03
0.440672080000000E+02,-0.122903207000000E+03
0.440692880000000E+02,-0.122903015000000E+03
0.440702000000000E+02,-0.122904343000000E+03
0.440698800000000E+02,-0.122908120000000E+03
0.440706960000000E+02,-0.122913672000000E+03
0.440697360000000E+02,-0.122917304000000E+03
0.440671920000000E+02,-0.122921160000000E+03
0.440665030000000E+02,-0.122923928000000E+03
0.440669830000000E+02,-0.122925736000000E+03
0.440694470000000E+02,-0.122930216000000E+03
0.440719910000000E+02,-0.122937609000000E+03
0.440717350000000E+02,-0.122940377000000E+03
0.440702470000000E+02,-0.122945321000000E+03
0.440682950000000E+02,-0.122948521000000E+03
0.440618950000000E+02,-0.122955369000000E+03
0.440608230000000E+02,-0.122957417000000E+03
0.440601990000000E+02,-0.122959801000000E+03
0.440603430000000E+02,-0.122961113000000E+03
0.440621190000000E+02,-0.122963801000000E+03
0.440629670000000E+02,-0.122964201000000E+03
0.440656550000000E+02,-0.122963689000000E+03
0.440676070000000E+02,-0.122960969000000E+03
0.440693190000000E+02,-0.122961193000000E+03
0.440701830000000E+02,-0.122962633000000E+03
0.440719470000000E+02,-0.122963193000000E+03
0.440719470000000E+02,-0.122963193000000E+03
0.440758470000000E+02,-0.122967094000000E+03
0.440821470000000E+02,-0.122969594000000E+03
0.440859470000000E+02,-0.122971794000000E+03
0.440876470000000E+02,-0.122974694000000E+03
0.440868890000000E+02,-0.122975614000000E+03
0.440868890000000E+02,-0.122975614000000E+03
0.440850790000000E+02,-0.122978986000000E+03
0.440842150000000E+02,-0.122982314000000E+03
0.440826630000000E+02,-0.122995819000000E+03
0.440834310000000E+02,-0.122998891000000E+03
0.440867590000000E+02,-0.123002171000000E+03
0.440888390000000E+02,-0.123007147000000E+03
0.440917030000000E+02,-0.123022844000000E+03
0.440957990000000E+02,-0.123026252000000E+03
0.440978790000000E+02,-0.123026892000000E+03
0.441008230000000E+02,-0.123026828000000E+03
0.441057670000000E+02,-0.123029436000000E+03
0.441088700000000E+02,-0.123032524000000E+03
0.441127420000000E+02,-0.123043101000000E+03
0.441148540000000E+02,-0.123044141000000E+03
0.441133820000000E+02,-0.123030028000000E+03
0.441116550000000E+02,-0.123021068000000E+03
0.441115270000000E+02,-0.123018252000000E+03
0.441130150000000E+02,-0.123017324000000E+03
0.441137350000000E+02,-0.123015756000000E+03
0.441148710000000E+02,-0.123006091000000E+03
0.441168230000000E+02,-0.123000907000000E+03
0.441248470000000E+02,-0.122997022000000E+03
0.441273990000000E+02,-0.122994038000000E+03
0.441284880000000E+02,-0.122991750000000E+03
0.441313210000000E+02,-0.122981171000000E+03
0.441309460000000E+02,-0.122976314000000E+03
0.441327720000000E+02,-0.122972923000000E+03
0.441347390000000E+02,-0.122971749000000E+03
0.441368890000000E+02,-0.122971528000000E+03
0.441393810000000E+02,-0.122973022000000E+03
0.441413010000000E+02,-0.122975182000000E+03
0.441436340000000E+02,-0.122975089000000E+03
0.441449150000000E+02,-0.122974168000000E+03
0.441472710000000E+02,-0.122970994000000E+03
0.441512280000000E+02,-0.122970615000000E+03
0.441534700000000E+02,-0.122966519000000E+03
0.441514810000000E+02,-0.122962421000000E+03
0.441527620000000E+02,-0.122959499000000E+03
0.441549120000000E+02,-0.122956419000000E+03
0.441587530000000E+02,-0.122962646000000E+03
0.441593250000000E+02,-0.122963123000000E+03
0.441612230000000E+02,-0.122962710000000E+03
0.441652930000000E+02,-0.122965127000000E+03
0.441726550000000E+02,-0.122972152000000E+03
0.441734800000000E+02,-0.122974018000000E+03
0.441726760000000E+02,-0.122976663000000E+03
0.441727210000000E+02,-0.122979301000000E+03
0.441751210000000E+02,-0.122985758000000E+03
0.441961860000000E+02,-0.122985809000000E+03
0.442001670000000E+02,-0.122980013000000E+03
0.442001670000000E+02,-0.122980013000000E+03
0.442002470000000E+02,-0.122905594000000E+03
0.442258010000000E+02,-0.122905318000000E+03
END
-99999
0.440745060000000E+02,-0.122751186000000E+03
0.440741500000000E+02,-0.122750063000000E+03
0.440742190000000E+02,-0.122749080000000E+03
0.440744710000000E+02,-0.122748478000000E+03
0.440746090000000E+02,-0.122748319000000E+03
0.440758210000000E+02,-0.122747718000000E+03
0.440760500000000E+02,-0.122747084000000E+03
0.440760510000000E+02,-0.122745085000000E+03
0.440765330000000E+02,-0.122740772000000E+03
0.440772670000000E+02,-0.122736744000000E+03
0.440778630000000E+02,-0.122732556000000E+03
0.440780460000000E+02,-0.122732080000000E+03
0.440783890000000E+02,-0.122731858000000E+03
0.440791440000000E+02,-0.122732113000000E+03
0.440792120000000E+02,-0.122732367000000E+03
0.440785030000000E+02,-0.122733825000000E+03
0.440782050000000E+02,-0.122734968000000E+03
0.440780670000000E+02,-0.122736205000000E+03
0.440782040000000E+02,-0.122738711000000E+03
0.440785230000000E+02,-0.122740742000000E+03
0.440792980000000E+02,-0.122744612000000E+03
0.440793200000000E+02,-0.122746389000000E+03
0.440792290000000E+02,-0.122747055000000E+03
0.440787930000000E+02,-0.122748863000000E+03
0.440780850000000E+02,-0.122751187000000E+03
0.440766490000000E+02,-0.122755011000000E+03
0.440762970000000E+02,-0.122758019000000E+03
0.440767290000000E+02,-0.122760195000000E+03
0.440769370000000E+02,-0.122762979000000E+03
0.440766970000000E+02,-0.122765555000000E+03
0.440760890000000E+02,-0.122767427000000E+03
0.440759770000000E+02,-0.122768003000000E+03
0.440758810000000E+02,-0.122771875000000E+03
0.440752890000000E+02,-0.122774723000000E+03
0.440742170000000E+02,-0.122775779000000E+03
0.440742010000000E+02,-0.122778115000000E+03
0.440740250000000E+02,-0.122779843000000E+03
0.440736890000000E+02,-0.122781795000000E+03
0.440731770000000E+02,-0.122782915000000E+03
0.440728410000000E+02,-0.122785443000000E+03
0.440733210000000E+02,-0.122787796000000E+03
0.440732570000000E+02,-0.122789412000000E+03
0.440730490000000E+02,-0.122790004000000E+03
0.440726010000000E+02,-0.122790660000000E+03
0.440722170000000E+02,-0.122791012000000E+03
0.440716730000000E+02,-0.122791684000000E+03
0.440708570000000E+02,-0.122794116000000E+03
0.440703770000000E+02,-0.122795844000000E+03
0.440700570000000E+02,-0.122798100000000E+03
0.440701040000000E+02,-0.122799332000000E+03
0.440699600000000E+02,-0.122799876000000E+03
0.440691920000000E+02,-0.122801572000000E+03
0.440690320000000E+02,-0.122802820000000E+03
0.440690320000000E+02,-0.122804708000000E+03
0.440673360000000E+02,-0.122809364000000E+03
0.440690480000000E+02,-0.122817540000000E+03
0.440695600000000E+02,-0.122818852000000E+03
0.440698640000000E+02,-0.122820805000000E+03
0.440706640000000E+02,-0.122823397000000E+03
0.440713680000000E+02,-0.122824917000000E+03
0.440715120000000E+02,-0.122825381000000E+03
0.440720720000000E+02,-0.122828613000000E+03
0.440708080000000E+02,-0.122833077000000E+03
0.440702320000000E+02,-0.122835813000000E+03
0.440700080000000E+02,-0.122835989000000E+03
0.440697840000000E+02,-0.122835893000000E+03
0.440693840000000E+02,-0.122836901000000E+03
0.440688400000000E+02,-0.122838325000000E+03
0.440684240000000E+02,-0.122839621000000E+03
0.440682640000000E+02,-0.122840821000000E+03
0.440683280000000E+02,-0.122843493000000E+03
0.440687280000000E+02,-0.122844933000000E+03
0.440689680000000E+02,-0.122846149000000E+03
0.440690960000000E+02,-0.122848645000000E+03
0.440691280000000E+02,-0.122851302000000E+03
0.440688720000000E+02,-0.122853126000000E+03
0.440683600000000E+02,-0.122854230000000E+03
0.440678000000000E+02,-0.122854886000000E+03
0.440671920000000E+02,-0.122855462000000E+03
0.440670160000000E+02,-0.122855862000000E+03
0.440666320000000E+02,-0.122860454000000E+03
0.440665680000000E+02,-0.122862310000000E+03
0.440666480000000E+02,-0.122864054000000E+03
0.440674160000000E+02,-0.122868662000000E+03
0.440678160000000E+02,-0.122869878000000E+03
0.440681520000000E+02,-0.122870438000000E+03
0.440683920000000E+02,-0.122871270000000E+03
0.440682320000000E+02,-0.122872166000000E+03
0.440677360000000E+02,-0.122873078000000E+03
0.440672560000000E+02,-0.122873542000000E+03
0.440663760000000E+02,-0.122873734000000E+03
0.440656720000000E+02,-0.122874166000000E+03
0.440651280000000E+02,-0.122874918000000E+03
0.440645680000000E+02,-0.122876134000000E+03
0.440642611937500E+02,-0.122877035487695E+03
0.440638480000000E+02,-0.122877670000000E+03
0.440633360000000E+02,-0.122877702000000E+03
0.440636240000000E+02,-0.122877558000000E+03
0.440639600000000E+02,-0.122876950000000E+03
0.440648400000000E+02,-0.122874550000000E+03
0.440655280000000E+02,-0.122873638000000E+03
0.440661840000000E+02,-0.122873398000000E+03
0.440669680000000E+02,-0.122873222000000E+03
0.440677360000000E+02,-0.122872406000000E+03
0.440679920000000E+02,-0.122871318000000E+03
0.440672240000000E+02,-0.122868838000000E+03
0.440666320000000E+02,-0.122865814000000E+03
0.440663280000000E+02,-0.122863318000000E+03
0.440664400000000E+02,-0.122858694000000E+03
0.440666960000000E+02,-0.122855878000000E+03
0.440671280000000E+02,-0.122854886000000E+03
0.440681200000000E+02,-0.122853382000000E+03
0.440686320000000E+02,-0.122852390000000E+03
0.440687920000000E+02,-0.122850822000000E+03
0.440687440000000E+02,-0.122847077000000E+03
0.440685520000000E+02,-0.122845349000000E+03
0.440680240000000E+02,-0.122842821000000E+03
0.440679760000000E+02,-0.122841397000000E+03
0.440680400000000E+02,-0.122840357000000E+03
0.440683440000000E+02,-0.122838869000000E+03
0.440686480000000E+02,-0.122837765000000E+03
0.440693680000000E+02,-0.122835893000000E+03
0.440696080000000E+02,-0.122835381000000E+03
0.440697360000000E+02,-0.122835493000000E+03
0.440698960000000E+02,-0.122835493000000E+03
0.440699920000000E+02,-0.122835285000000E+03
0.440701200000000E+02,-0.122834597000000E+03
0.440717520000000E+02,-0.122828741000000E+03
0.440711280000000E+02,-0.122825317000000E+03
0.440700880000000E+02,-0.122822501000000E+03
0.440684560000000E+02,-0.122816100000000E+03
0.440670800000000E+02,-0.122809492000000E+03
0.440680080000000E+02,-0.122806756000000E+03
0.440688880000000E+02,-0.122804548000000E+03
0.440688080000000E+02,-0.122803332000000E+03
0.440688880000000E+02,-0.122801860000000E+03
0.440694480000000E+02,-0.122799764000000E+03
0.440706650000000E+02,-0.122794564000000E+03
0.440714650000000E+02,-0.122791588000000E+03
0.440719450000000E+02,-0.122790884000000E+03
0.440725850000000E+02,-0.122790228000000E+03
0.440730490000000E+02,-0.122788884000000E+03
0.440729690000000E+02,-0.122787396000000E+03
0.440726010000000E+02,-0.122785475000000E+03
0.440729050000000E+02,-0.122782995000000E+03
0.440733850000000E+02,-0.122781843000000E+03
0.440738650000000E+02,-0.122778563000000E+03
0.440739290000000E+02,-0.122775843000000E+03
0.440750650000000E+02,-0.122774499000000E+03
0.440756570000000E+02,-0.122771843000000E+03
0.440756250000000E+02,-0.122768147000000E+03
0.440764410000000E+02,-0.122765235000000E+03
0.440752250000000E+02,-0.122766979000000E+03
0.440750170000000E+02,-0.122767075000000E+03
0.440733850000000E+02,-0.122767075000000E+03
0.440728730000000E+02,-0.122766803000000E+03
0.440717530000000E+02,-0.122765731000000E+03
0.440702810000000E+02,-0.122767427000000E+03
0.440699290000000E+02,-0.122768899000000E+03
0.440703130000000E+02,-0.122770083000000E+03
0.440705370000000E+02,-0.122773699000000E+03
0.440705210000000E+02,-0.122774339000000E+03
0.440703930000000E+02,-0.122775715000000E+03
0.440700570000000E+02,-0.122777603000000E+03
0.440695450000000E+02,-0.122778819000000E+03
0.440664250000000E+02,-0.122782803000000E+03
0.440656730000000E+02,-0.122783379000000E+03
0.440648250000000E+02,-0.122783891000000E+03
0.440641370000000E+02,-0.122783843000000E+03
0.440636890000000E+02,-0.122784003000000E+03
0.440631130000000E+02,-0.122784483000000E+03
0.440614970000000E+02,-0.122786515000000E+03
0.440610490000000E+02,-0.122787507000000E+03
0.440608090000000E+02,-0.122789363000000E+03
0.440607290000000E+02,-0.122791331000000E+03
0.440610010000000E+02,-0.122792355000000E+03
0.440613210000000E+02,-0.122792339000000E+03
0.440615290000000E+02,-0.122790803000000E+03
0.440623450000000E+02,-0.122794147000000E+03
0.440636090000000E+02,-0.122797540000000E+03
0.440639930000000E+02,-0.122798820000000E+03
0.440641680000000E+02,-0.122801412000000E+03
0.440629520000000E+02,-0.122804500000000E+03
0.440624560000000E+02,-0.122805540000000E+03
0.440623920000000E+02,-0.122805543000000E+03
0.440617360000000E+02,-0.122806992000000E+03
0.440617680000000E+02,-0.122807044000000E+03
0.440617680000000E+02,-0.122807044000000E+03
0.440614480000000E+02,-0.122810356000000E+03
0.440608720000000E+02,-0.122811652000000E+03
0.440592240000000E+02,-0.122812980000000E+03
0.440585360000000E+02,-0.122811956000000E+03
0.440567280000000E+02,-0.122811572000000E+03
0.440563600000000E+02,-0.122813012000000E+03
0.440533200000000E+02,-0.122817444000000E+03
0.440530640000000E+02,-0.122819364000000E+03
0.440542800000000E+02,-0.122824692000000E+03
0.440563280000000E+02,-0.122829908000000E+03
0.440577360000000E+02,-0.122835285000000E+03
0.440572400000000E+02,-0.122838485000000E+03
0.440557520000000E+02,-0.122841765000000E+03
0.440558480000000E+02,-0.122844245000000E+03
0.440564720000000E+02,-0.122845669000000E+03
0.440575760000000E+02,-0.122846373000000E+03
0.440616080000000E+02,-0.122846181000000E+03
0.440629360000000E+02,-0.122847429000000E+03
0.440636400000000E+02,-0.122849397000000E+03
0.440637680000000E+02,-0.122850629000000E+03
0.440631120000000E+02,-0.122852389000000E+03
0.440578960000000E+02,-0.122856261000000E+03
0.440565170000000E+02,-0.122858691000000E+03
0.440568080000000E+02,-0.122860054000000E+03
0.440583120000000E+02,-0.122860582000000E+03
0.440600080000000E+02,-0.122862198000000E+03
0.440609680000000E+02,-0.122863974000000E+03
0.440609360000000E+02,-0.122865942000000E+03
0.440584400000000E+02,-0.122871110000000E+03
0.440584400000000E+02,-0.122873238000000E+03
0.440618000000000E+02,-0.122875910000000E+03
0.440625840000000E+02,-0.122877654000000E+03
0.440630160000000E+02,-0.122880950000000E+03
0.440637040000000E+02,-0.122882566000000E+03
0.440635600000000E+02,-0.122886951000000E+03
0.440622640000000E+02,-0.122889959000000E+03
0.440612430000000E+02,-0.122895442000000E+03
0.440613480000000E+02,-0.122892091000000E+03
0.440632480000000E+02,-0.122886691000000E+03
0.440632480000000E+02,-0.122882991000000E+03
0.440621480000000E+02,-0.122877490000000E+03
0.440609200000000E+02,-0.122875942000000E+03
0.440585480000000E+02,-0.122874190000000E+03
0.440580470000000E+02,-0.122871917000000E+03
0.440606480000000E+02,-0.122864890000000E+03
0.440602480000000E+02,-0.122862990000000E+03
0.440583760000000E+02,-0.122861174000000E+03
0.440566480000000E+02,-0.122860390000000E+03
0.440562500000000E+02,-0.122858368000000E+03
0.440581520000000E+02,-0.122854533000000E+03
0.440630480000000E+02,-0.122851389000000E+03
0.440624480000000E+02,-0.122847189000000E+03
0.440569480000000E+02,-0.122846889000000E+03
0.440554480000000E+02,-0.122844289000000E+03
0.440556480000000E+02,-0.122841189000000E+03
0.440570480000000E+02,-0.122836889000000E+03
0.440530320000000E+02,-0.122821572000000E+03
0.440527760000000E+02,-0.122818228000000E+03
0.440535440000000E+02,-0.122815652000000E+03
0.440554480000000E+02,-0.122813188000000E+03
0.440552080000000E+02,-0.122812292000000E+03
0.440547760000000E+02,-0.122812196000000E+03
0.440546320000000E+02,-0.122810532000000E+03
0.440550480000000E+02,-0.122808228000000E+03
0.440578970000000E+02,-0.122797907000000E+03
0.440585530000000E+02,-0.122797123000000E+03
0.440578490000000E+02,-0.122791027000000E+03
0.440582490000000E+02,-0.122789315000000E+03
0.440623290000000E+02,-0.122783731000000E+03
0.440653530000000E+02,-0.122782323000000E+03
0.440681370000000E+02,-0.122779523000000E+03
0.440693210000000E+02,-0.122777635000000E+03
0.440697530000000E+02,-0.122776195000000E+03
0.440698650000000E+02,-0.122769619000000E+03
0.440694330000000E+02,-0.122768963000000E+03
0.440704090000000E+02,-0.122766307000000E+03
0.440716410000000E+02,-0.122764963000000E+03
0.440731930000000E+02,-0.122757363000000E+03
0.440748250000000E+02,-0.122755219000000E+03
0.440745060000000E+02,-0.122751186000000E+03
END
0.440745060000000E+02,-0.122751186000000E+03
0.440753370000000E+02,-0.122753394000000E+03
0.440750810000000E+02,-0.122755315000000E+03
0.440758650000000E+02,-0.122754979000000E+03
0.440784050000000E+02,-0.122747276000000E+03
0.440785210000000E+02,-0.122745088000000E+03
0.440775310000000E+02,-0.122737715000000E+03
0.440761970000000E+02,-0.122747717000000E+03
0.440745060000000E+02,-0.122751186000000E+03
END
0.440759800000000E+02,-0.122756280000000E+03
0.440758010000000E+02,-0.122755331000000E+03
0.440750810000000E+02,-0.122755635000000E+03
0.440739770000000E+02,-0.122757587000000E+03
0.440737530000000E+02,-0.122757139000000E+03
0.440733850000000E+02,-0.122757443000000E+03
0.440718970000000E+02,-0.122765379000000E+03
0.440728410000000E+02,-0.122766435000000E+03
0.440739290000000E+02,-0.122766835000000E+03
0.440752250000000E+02,-0.122766659000000E+03
0.440765050000000E+02,-0.122764051000000E+03
0.440757530000000E+02,-0.122757539000000E+03
0.440759800000000E+02,-0.122756280000000E+03
END
0.440692720000000E+02,-0.122907959000000E+03
0.440694480000000E+02,-0.122904327000000E+03
0.440657520000000E+02,-0.122904007000000E+03
0.440679856490234E+02,-0.122910222230469E+03
0.440687800000000E+02,-0.122914655000000E+03
0.440653990000000E+02,-0.122917811000000E+03
0.440656180000000E+02,-0.122920689000000E+03
0.440690660000000E+02,-0.122916111000000E+03
0.440698830000000E+02,-0.122913766000000E+03
0.440692720000000E+02,-0.122907959000000E+03
END
0.440561360000000E+02,-0.122806564000000E+03
0.440571920000000E+02,-0.122805732000000E+03
0.440580560000000E+02,-0.122806020000000E+03
0.440584720000000E+02,-0.122807300000000E+03
0.440594960000000E+02,-0.122807588000000E+03
0.440602640000000E+02,-0.122807060000000E+03
0.440627600000000E+02,-0.122803572000000E+03
0.440637520000000E+02,-0.122801092000000E+03
0.440631130000000E+02,-0.122797092000000E+03
0.440622810000000E+02,-0.122794755000000E+03
0.440616730000000E+02,-0.122794419000000E+03
0.440605850000000E+02,-0.122792051000000E+03
0.440605530000000E+02,-0.122787331000000E+03
0.440581690000000E+02,-0.122790803000000E+03
0.440592410000000E+02,-0.122800612000000E+03
0.440573680000000E+02,-0.122801972000000E+03
0.440561360000000E+02,-0.122806564000000E+03
END
0.440617680000000E+02,-0.122807044000000E+03
0.440597200000000E+02,-0.122808052000000E+03
0.440586960000000E+02,-0.122808020000000E+03
0.440570640000000E+02,-0.122806116000000E+03
0.440559760000000E+02,-0.122806884000000E+03
0.440554960000000E+02,-0.122809636000000E+03
0.440556560000000E+02,-0.122813428000000E+03
0.440562640000000E+02,-0.122811732000000E+03
0.440579280000000E+02,-0.122810820000000E+03
0.440607440000000E+02,-0.122811044000000E+03
0.440617680000000E+02,-0.122807044000000E+03
END
