0.423208410000000E+02,-0.122949571000000E+03
0.423213990000000E+02,-0.122950298000000E+03
0.423237260000000E+02,-0.122950512000000E+03
0.423249320000000E+02,-0.122944790000000E+03
0.423258320000000E+02,-0.122942882000000E+03
0.423308060000000E+02,-0.122936168000000E+03
0.423368410000000E+02,-0.122930233000000E+03
0.423407470000000E+02,-0.122929152000000E+03
0.423532470000000E+02,-0.122929052000000E+03
0.423527470000000E+02,-0.122922152000000E+03
0.423625470000000E+02,-0.122920552000000E+03
0.423622500000000E+02,-0.122886851000000E+03
0.423637670000000E+02,-0.122885251000000E+03
0.423645480000000E+02,-0.122885251000000E+03
0.423645480000000E+02,-0.122885251000000E+03
0.423593480000000E+02,-0.122879551000000E+03
0.423561480000000E+02,-0.122877951000000E+03
0.423525480000000E+02,-0.122878651000000E+03
0.423492480000000E+02,-0.122878551000000E+03
0.423477480000000E+02,-0.122876050000000E+03
0.423253480000000E+02,-0.122867550000000E+03
0.423104490000000E+02,-0.122847549000000E+03
0.422805700000000E+02,-0.122814581000000E+03
0.422805700000000E+02,-0.122814581000000E+03
0.422795630000000E+02,-0.122821906000000E+03
0.422803900000000E+02,-0.122824732000000E+03
0.422819030000000E+02,-0.122825368000000E+03
0.422829340000000E+02,-0.122827064000000E+03
0.422821320000000E+02,-0.122831080000000E+03
0.422779590000000E+02,-0.122832664000000E+03
0.422789820000000E+02,-0.122836387000000E+03
0.422790580000000E+02,-0.122839958000000E+03
0.422749080000000E+02,-0.122839927000000E+03
0.422728930000000E+02,-0.122834877000000E+03
0.422727790000000E+02,-0.122831061000000E+03
0.422655850000000E+02,-0.122831229000000E+03
0.422654560000000E+02,-0.122822287000000E+03
0.422596650000000E+02,-0.122822379000000E+03
0.422596650000000E+02,-0.122822379000000E+03
0.422598250000000E+02,-0.122835120000000E+03
0.422618610000000E+02,-0.122837805000000E+03
0.422615030000000E+02,-0.122838767000000E+03
0.422564290000000E+02,-0.122843895000000E+03
0.422525030000000E+02,-0.122843257000000E+03
0.422524700000000E+02,-0.122847023000000E+03
0.422531640000000E+02,-0.122848561000000E+03
0.422510430000000E+02,-0.122854377000000E+03
0.422464930000000E+02,-0.122857798000000E+03
0.422436110000000E+02,-0.122858319000000E+03
0.422367000000000E+02,-0.122862347000000E+03
0.422273280000000E+02,-0.122875546000000E+03
0.422258180000000E+02,-0.122876282000000E+03
0.422177230000000E+02,-0.122876314000000E+03
0.422172040000000E+02,-0.122877346000000E+03
0.422168620000000E+02,-0.122880701000000E+03
0.422151250000000E+02,-0.122882981000000E+03
0.422115800000000E+02,-0.122885222000000E+03
0.422115800000000E+02,-0.122885222000000E+03
0.422145520000000E+02,-0.122887199000000E+03
0.422189190000000E+02,-0.122886215000000E+03
0.422218410000000E+02,-0.122887541000000E+03
0.422190240000000E+02,-0.122888919000000E+03
0.422184800000000E+02,-0.122893273000000E+03
0.422219020000000E+02,-0.122895839000000E+03
0.422251970000000E+02,-0.122900608000000E+03
0.422236650000000E+02,-0.122901563000000E+03
0.422200960000000E+02,-0.122901934000000E+03
0.422203710000000E+02,-0.122903226000000E+03
0.422300260000000E+02,-0.122906391000000E+03
0.422320390000000E+02,-0.122905959000000E+03
0.422319010000000E+02,-0.122902912000000E+03
0.422273020000000E+02,-0.122899129000000E+03
0.422261570000000E+02,-0.122897098000000E+03
0.422296350000000E+02,-0.122899281000000E+03
0.422330900000000E+02,-0.122902388000000E+03
0.422339140000000E+02,-0.122903865000000E+03
0.422353110000000E+02,-0.122910151000000E+03
0.422367880000000E+02,-0.122912077000000E+03
0.422389800000000E+02,-0.122912103000000E+03
0.422422570000000E+02,-0.122910652000000E+03
0.422422570000000E+02,-0.122910652000000E+03
0.422461540000000E+02,-0.122909493000000E+03
0.422499050000000E+02,-0.122912986000000E+03
0.422482140000000E+02,-0.122916082000000E+03
0.422473000000000E+02,-0.122919007000000E+03
0.422481010000000E+02,-0.122920238000000E+03
0.422504460000000E+02,-0.122921135000000E+03
0.422512250000000E+02,-0.122922016000000E+03
0.422503420000000E+02,-0.122927202000000E+03
0.422486050000000E+02,-0.122929813000000E+03
0.422443160000000E+02,-0.122940012000000E+03
0.422425660000000E+02,-0.122943915000000E+03
0.422446930000000E+02,-0.122945393000000E+03
0.422451500000000E+02,-0.122950042000000E+03
0.422398420000000E+02,-0.122958907000000E+03
0.422358610000000E+02,-0.122962631000000E+03
0.422340070000000E+02,-0.122967555000000E+03
0.422393360000000E+02,-0.122968666000000E+03
0.422445740000000E+02,-0.122971224000000E+03
0.422464490000000E+02,-0.122973472000000E+03
0.422476380000000E+02,-0.122975814000000E+03
0.422536420000000E+02,-0.122980083000000E+03
0.422694960000000E+02,-0.122982311000000E+03
0.422758750000000E+02,-0.122979732000000E+03
0.422856400000000E+02,-0.122977901000000E+03
0.422882190000000E+02,-0.122977871000000E+03
0.422900960000000E+02,-0.122978497000000E+03
0.422915000000000E+02,-0.122982709000000E+03
0.422936210000000E+02,-0.122985669000000E+03
0.423019750000000E+02,-0.122980222000000E+03
0.423018370000000E+02,-0.122973065000000E+03
0.423046530000000E+02,-0.122971158000000E+03
0.423070860000000E+02,-0.122971082000000E+03
0.423091230000000E+02,-0.122970273000000E+03
0.423136330000000E+02,-0.122965504000000E+03
0.423108320000000E+02,-0.122959560000000E+03
0.423089400000000E+02,-0.122952617000000E+03
0.423070710000000E+02,-0.122949032000000E+03
0.423087500000000E+02,-0.122932536000000E+03
0.423221930000000E+02,-0.122933086000000E+03
0.423222380000000E+02,-0.122935268000000E+03
0.423237490000000E+02,-0.122935268000000E+03
0.423235350000000E+02,-0.122939709000000E+03
0.423214530000000E+02,-0.122948620000000E+03
0.423208410000000E+02,-0.122949571000000E+03
END
